LGA_MAIN11,Num_Psns_UR_1_FamHhold,Num_Psns_UR_1_NonFamHhold,Num_Psns_UR_1_Total,Num_Psns_UR_2_FamHhold,Num_Psns_UR_2_NonFamHhold,Num_Psns_UR_2_Total,Num_Psns_UR_3_FamHhold,Num_Psns_UR_3_NonFamHhold,Num_Psns_UR_3_Total,Num_Psns_UR_4_FamHhold,Num_Psns_UR_4_NonFamHhold,Num_Psns_UR_4_Total,Num_Psns_UR_5_FamHhold,Num_Psns_UR_5_NonFamHhold,Num_Psns_UR_5_Total,Num_Psns_UR_6mo_FamHhold,Num_Psns_UR_6mo_NonFamHhold,Num_Psns_UR_6mo_Total,Total_FamHhold,Total_NonFamHhold,Total_Total,LGA_NAME11
31820,0,8323,8323,12959,908,13867,4576,138,4714,4120,42,4162,1856,3,1859,1100,6,1106,24611,9420,34031,Bundaberg (R)
31900,0,1659,1659,2304,115,2419,875,15,890,881,3,884,450,0,450,189,0,189,4699,1792,6491,Burdekin (S)
31950,0,34,34,38,4,42,8,0,8,18,0,18,4,0,4,8,0,8,76,38,114,Burke (S)
32070,0,14872,14872,17923,2288,20211,8556,418,8974,7922,97,8019,3239,22,3261,1786,6,1792,39426,17703,57129,Cairns (R)
37340,0,2703,2703,3861,417,4278,1534,74,1608,1386,34,1420,580,13,593,242,5,247,7603,3246,10849,Whitsunday (R)
41560,0,1572,1572,2160,111,2271,614,9,623,550,7,557,229,3,232,99,0,99,3652,1702,5354,Copper Coast (DC)
41750,0,135,135,146,9,155,62,0,62,37,3,40,22,0,22,11,0,11,278,147,425,Elliston (DC)
34860,0,1058,1058,1508,124,1632,633,17,650,609,4,613,326,3,329,166,0,166,3242,1206,4448,Maranoa (R)
35010,0,26514,26514,42870,3210,46080,21623,487,22110,22735,132,22867,9969,22,9991,5031,12,5043,102228,30377,132605,Moreton Bay (R)
12500,0,981,981,999,53,1052,354,6,360,309,3,312,140,0,140,69,0,69,1871,1043,2914,Deniliquin (A)
12600,0,3602,3602,4396,372,4768,2082,51,2133,1967,12,1979,1012,3,1015,539,3,542,9996,4043,14039,Dubbo (C)
12700,0,741,741,1130,49,1179,456,3,459,446,0,446,196,0,196,96,0,96,2324,793,3117,Dungog (A)
12750,0,4157,4157,5834,299,6133,1737,27,1764,1311,4,1315,623,3,626,341,0,341,9846,4490,14336,Eurobodalla (A)
12850,0,8737,8737,12348,886,13234,10401,169,10570,11175,56,11231,6726,17,6743,5309,11,5320,45959,9876,55835,Fairfield (C)
12900,0,1079,1079,1248,70,1318,415,7,422,391,0,391,250,0,250,103,0,103,2407,1156,3563,Forbes (A)
12950,0,456,456,593,24,617,224,3,227,196,0,196,114,0,114,40,0,40,1167,483,1650,Gilgandra (A)
13010,0,1071,1071,1287,81,1368,401,8,409,343,0,343,199,0,199,75,0,75,2305,1160,3465,Glen Innes Severn (A)
13050,0,590,590,809,30,839,228,7,235,207,0,207,84,0,84,45,0,45,1373,627,2000,Gloucester (A)
13100,0,16701,16701,19361,1464,20825,8776,192,8968,9258,38,9296,3863,8,3871,1626,7,1633,42884,18410,61294,Gosford (C)
13310,0,3036,3036,3512,234,3746,1503,18,1521,1279,5,1284,584,4,588,281,0,281,7159,3297,10456,Goulburn Mulwaree (A)
13320,0,4342,4342,5905,330,6235,1558,23,1581,1289,6,1295,598,0,598,254,0,254,9604,4701,14305,Great Lakes (A)
13340,0,917,917,1266,70,1336,490,5,495,465,0,465,258,0,258,140,0,140,2619,992,3611,Greater Hume Shire (A)
13380,0,5009,5009,6879,435,7314,2307,34,2341,1963,13,1976,995,0,995,524,3,527,12668,5494,18162,Greater Taree (C)
13450,0,2061,2061,2611,170,2781,1187,27,1214,1264,3,1267,773,0,773,354,3,357,6189,2264,8453,Griffith (C)
13500,0,380,380,499,29,528,189,0,189,146,0,146,106,0,106,55,0,55,995,409,1404,Gundagai (A)
13550,0,1233,1233,1464,101,1565,620,17,637,601,0,601,303,0,303,148,0,148,3136,1351,4487,Gunnedah (A)
13650,0,436,436,549,35,584,201,0,201,196,0,196,114,0,114,80,0,80,1140,471,1611,Guyra (A)
13660,0,608,608,738,35,773,235,0,235,230,0,230,122,0,122,51,0,51,1376,643,2019,Gwydir (A)
13700,0,428,428,543,33,576,148,0,148,156,0,156,77,0,77,50,0,50,974,461,1435,Harden (A)
13800,0,4261,4261,5998,421,6419,3532,56,3588,3679,17,3696,1864,3,1867,1014,0,1014,16087,4758,20845,Hawkesbury (C)
13850,0,364,364,380,23,403,161,0,161,132,0,132,65,0,65,41,0,41,779,387,1166,Hay (A)
13950,0,6901,6901,8627,650,9277,6112,149,6261,5790,65,5855,2821,16,2837,1874,9,1883,25224,7790,33014,Holroyd (C)
14000,0,9341,9341,14573,844,15417,9581,169,9750,11528,82,11610,4731,27,4758,1784,11,1795,42197,10474,52671,Hornsby (A)
14100,0,1163,1163,1297,78,1375,653,14,667,773,3,776,370,3,373,135,0,135,3228,1261,4489,Hunters Hill (A)
14150,0,5868,5868,7450,656,8106,5032,191,5223,5037,95,5132,2115,25,2140,1063,15,1078,20697,6850,27547,Hurstville (C)
14200,0,1672,1672,2107,117,2224,840,17,857,730,0,730,388,3,391,208,0,208,4273,1809,6082,Inverell (A)
14250,0,152,152,195,9,204,52,0,52,68,0,68,51,0,51,17,0,17,383,161,544,Jerilderie (A)
14300,0,505,505,629,37,666,256,0,256,244,0,244,136,0,136,80,0,80,1345,542,1887,Junee (A)
14350,0,2988,2988,3814,269,4083,1450,13,1463,1091,0,1091,586,4,590,397,0,397,7338,3274,10612,Kempsey (A)
14400,0,1646,1646,2776,96,2872,1037,17,1054,1128,4,1132,542,0,542,166,0,166,5649,1763,7412,Kiama (A)
14450,0,3882,3882,5184,467,5651,3703,147,3850,3608,68,3676,1500,33,1533,742,14,756,14737,4611,19348,Kogarah (C)
14500,0,5813,5813,10417,355,10772,5904,92,5996,8215,27,8242,3705,10,3715,1233,8,1241,29474,6305,35779,Ku-ring-gai (A)
14550,0,1059,1059,1272,79,1351,478,3,481,365,4,369,218,4,222,121,0,121,2454,1149,3603,Kyogle (A)
14600,0,696,696,850,45,895,337,3,340,289,0,289,172,0,172,85,0,85,1733,744,2477,Lachlan (A)
37600,0,42,42,55,3,58,47,3,50,49,0,49,46,0,46,177,0,177,374,48,422,Yarrabah (S)
14650,0,16830,16830,23847,1419,25266,10798,171,10969,11011,50,11061,4584,6,4590,1836,6,1842,52076,18482,70558,Lake Macquarie (C)
14700,0,3024,3024,3491,453,3944,1776,109,1885,1955,26,1981,812,10,822,223,4,227,8257,3626,11883,Lane Cove (A)
14750,0,1004,1004,1185,76,1261,578,10,588,514,0,514,278,0,278,144,0,144,2699,1090,3789,Leeton (A)
14800,0,6290,6290,6696,1124,7820,3215,385,3600,2594,99,2693,697,22,719,189,5,194,13391,7925,21316,Leichhardt (A)
14850,0,4487,4487,5263,612,5875,2256,134,2390,2129,47,2176,945,14,959,455,3,458,11048,5297,16345,Lismore (C)
14870,0,2392,2392,2609,165,2774,996,6,1002,996,0,996,442,0,442,178,3,181,5221,2566,7787,Lithgow (C)
14900,0,8596,8596,11915,828,12743,9794,101,9895,11860,34,11894,6219,13,6232,4231,4,4235,44019,9576,53595,Liverpool (C)
14920,0,832,832,1078,73,1151,386,4,390,331,3,334,176,0,176,66,0,66,2037,912,2949,Liverpool Plains (A)
14950,0,302,302,402,21,423,153,0,153,117,0,117,84,0,84,48,0,48,804,323,1127,Lockhart (A)
15050,0,5185,5185,7604,494,8098,4009,54,4063,4128,17,4145,1778,5,1783,823,0,823,18342,5755,24097,Maitland (C)
15150,0,3831,3831,4799,637,5436,2089,224,2313,2382,43,2425,924,13,937,187,3,190,10381,4751,15132,Manly (A)
15200,0,8773,8773,8679,2029,10708,4318,693,5011,3450,284,3734,1109,72,1181,554,16,570,18110,11867,29977,Marrickville (A)
15270,0,2273,2273,2916,197,3113,1146,13,1159,1018,4,1022,551,0,551,245,0,245,5876,2487,8363,Mid-Western Regional (A)
15300,0,1312,1312,1422,101,1523,655,9,664,620,7,627,318,0,318,220,0,220,3235,1429,4664,Moree Plains (A)
15350,0,3406,3406,3297,289,3586,1371,40,1411,1485,14,1499,679,0,679,162,0,162,6994,3749,10743,Mosman (A)
15500,0,744,744,1099,51,1150,297,10,307,294,0,294,160,0,160,54,0,54,1904,805,2709,Murray (A)
15550,0,223,223,286,17,303,110,3,113,110,0,110,60,0,60,27,0,27,593,243,836,Murrumbidgee (A)
15650,0,1416,1416,1711,157,1868,793,18,811,813,8,821,445,0,445,171,0,171,3933,1599,5532,Muswellbrook (A)
15700,0,2384,2384,2800,217,3017,864,15,879,739,0,739,376,0,376,221,0,221,5000,2616,7616,Nambucca (A)
15750,0,1277,1277,1611,99,1710,635,11,646,644,4,648,344,0,344,158,0,158,3392,1391,4783,Narrabri (A)
15800,0,713,713,721,39,760,282,0,282,265,3,268,140,3,143,79,0,79,1487,758,2245,Narrandera (A)
15850,0,691,691,817,44,861,316,6,322,292,0,292,166,0,166,117,0,117,1708,741,2449,Narromine (A)
15900,0,17266,17266,17646,2568,20214,8249,829,9078,7401,289,7690,2936,120,3056,1077,69,1146,37309,21141,58450,Newcastle (C)
15950,0,10691,10691,9740,1614,11354,3149,472,3621,2021,80,2101,519,8,527,127,6,133,15556,12871,28427,North Sydney (A)
16100,0,510,510,664,29,693,254,0,254,243,0,243,138,0,138,50,0,50,1349,539,1888,Oberon (A)
16150,0,3879,3879,4226,346,4572,1944,73,2017,1925,29,1954,987,3,990,449,3,452,9531,4333,13864,Orange (C)
16180,0,923,923,1693,72,1765,725,9,734,877,3,880,391,3,394,154,0,154,3840,1010,4850,Palerang (A)
16200,0,1561,1561,1795,81,1876,726,22,748,595,3,598,389,0,389,229,0,229,3734,1667,5401,Parkes (A)
16250,0,13158,13158,14764,1570,16334,10029,488,10517,9472,214,9686,4133,68,4201,2771,35,2806,41169,15533,56702,Parramatta (C)
16350,0,11418,11418,16300,1264,17564,10637,175,10812,11170,35,11205,5376,5,5381,3011,0,3011,46494,12897,59391,Penrith (C)
16370,0,3874,3874,6231,367,6598,3080,84,3164,3893,18,3911,1657,6,1663,561,3,564,15422,4352,19774,Pittwater (A)
16380,0,8017,8017,11206,685,11891,3611,70,3681,3320,5,3325,1492,6,1498,650,0,650,20279,8783,29062,Port Macquarie-Hastings (A)
16400,0,5890,5890,8565,491,9056,3319,46,3365,3360,6,3366,1557,0,1557,742,0,742,17543,6433,23976,Port Stephens (A)
16470,0,3888,3888,3968,347,4315,2208,54,2262,2289,9,2298,964,4,968,380,0,380,9809,4302,14111,Queanbeyan (C)
16550,0,12994,12994,13104,2942,16046,6958,1106,8064,6602,427,7029,2374,146,2520,845,65,910,29883,17680,47563,Randwick (C)
16610,0,2380,2380,2895,181,3076,1148,17,1165,1016,4,1020,519,0,519,299,0,299,5877,2582,8459,Richmond Valley (A)
16650,0,8196,8196,9564,1031,10595,6010,261,6271,5370,128,5498,2343,51,2394,1424,30,1454,24711,9697,34408,Rockdale (C)
16700,0,9503,9503,10350,1201,11551,6190,419,6609,6309,226,6535,2386,101,2487,932,61,993,26167,11511,37678,Ryde (C)
16900,0,4639,4639,6989,341,7330,3822,30,3852,4015,7,4022,1727,3,1730,863,0,863,17416,5020,22436,Shellharbour (C)
16950,0,9960,9960,13610,768,14378,4598,74,4672,4179,18,4197,1857,8,1865,860,0,860,25104,10828,35932,Shoalhaven (C)
17000,0,1601,1601,2375,166,2541,1232,33,1265,1408,6,1414,648,0,648,288,0,288,5951,1806,7757,Singleton (A)
17050,0,623,623,766,67,833,324,26,350,388,8,396,116,8,124,38,0,38,1632,732,2364,Snowy River (A)
17620,0,1427,1427,1746,149,1895,734,9,743,696,0,696,354,0,354,130,0,130,3660,1585,5245,Upper Hunter Shire (A)
17640,0,776,776,1063,27,1090,352,0,352,332,0,332,184,0,184,65,0,65,1996,803,2799,Upper Lachlan Shire (A)
17650,0,516,516,805,38,843,303,0,303,309,3,312,143,0,143,85,0,85,1645,557,2202,Uralla (A)
17700,0,134,134,166,6,172,44,0,44,45,0,45,33,0,33,18,0,18,306,140,446,Urana (A)
17750,0,5536,5536,6904,724,7628,3081,192,3273,2989,64,3053,1528,15,1543,682,0,682,15184,6531,21715,Wagga Wagga (C)
17800,0,410,410,608,24,632,173,0,173,174,0,174,95,0,95,29,0,29,1079,434,1513,Wakool (A)
17850,0,346,346,476,14,490,138,0,138,138,0,138,72,0,72,33,0,33,857,360,1217,Walcha (A)
17900,0,940,940,708,76,784,285,6,291,217,8,225,147,0,147,104,0,104,1461,1030,2491,Walgett (A)
17950,0,343,343,367,15,382,144,3,147,132,0,132,72,0,72,25,0,25,740,361,1101,Warren (A)
18000,0,11573,11573,14697,1417,16114,7828,269,8097,9472,92,9564,3813,31,3844,1432,12,1444,37242,13394,50636,Warringah (A)
18020,0,1091,1091,1326,87,1413,391,3,394,411,0,411,227,0,227,127,0,127,2482,1181,3663,Warrumbungle Shire (A)
18050,0,7575,7575,7188,1983,9171,3140,593,3733,2828,149,2977,1064,38,1102,293,16,309,14513,10354,24867,Waverley (A)
18100,0,438,438,591,28,619,174,4,178,141,0,141,92,0,92,36,0,36,1034,470,1504,Weddin (A)
18150,0,893,893,1024,61,1085,411,4,415,350,0,350,206,0,206,113,0,113,2104,958,3062,Wellington (A)
18200,0,629,629,906,47,953,328,4,332,301,0,301,158,0,158,90,0,90,1783,680,2463,Wentworth (A)
18250,0,5705,5705,7106,873,7979,4180,239,4419,4353,78,4431,1650,37,1687,469,10,479,17758,6942,24700,Willoughby (C)
18350,0,4324,4324,6124,276,6400,2116,25,2141,2223,12,2235,1083,4,1087,507,0,507,12053,4641,16694,Wingecarribee (A)
18400,0,2245,2245,4085,196,4281,2318,29,2347,2800,7,2807,1490,4,1494,779,0,779,11472,2481,13953,Wollondilly (A)
18450,0,18587,18587,21719,2075,23794,10788,578,11366,11110,245,11355,4616,94,4710,1921,33,1954,50154,21612,71766,Wollongong (C)
18500,0,6541,6541,6378,1088,7466,2494,355,2849,2277,90,2367,938,19,957,276,6,282,12363,8099,20462,Woollahra (A)
18550,0,14663,14663,17814,1362,19176,8286,119,8405,8018,35,8053,3721,7,3728,1883,3,1886,39722,16189,55911,Wyong (A)
18710,0,991,991,1842,83,1925,750,8,758,876,6,882,437,0,437,187,0,187,4092,1088,5180,Yass Valley (A)
53220,0,342,342,404,49,453,243,11,254,310,4,314,157,0,157,172,0,172,1286,406,1692,East Pilbara (S)
53290,0,1186,1186,1604,82,1686,668,11,679,699,6,705,332,0,332,140,3,143,3443,1288,4731,Esperance (S)
53360,0,226,226,317,38,355,111,5,116,119,0,119,37,3,40,16,0,16,600,272,872,Exmouth (S)
17500,0,1198,1198,1436,64,1500,558,8,566,568,0,568,250,3,253,115,0,115,2927,1273,4200,Tumut Shire (A)
17550,0,9570,9570,11876,1097,12973,4436,121,4557,3884,33,3917,1811,10,1821,813,6,819,22820,10837,33657,Tweed (A)
18750,0,1297,1297,1490,96,1586,603,3,606,600,3,603,312,0,312,169,0,169,3174,1399,4573,Young (A)
19399,0,113,113,129,7,136,60,3,63,46,0,46,20,0,20,12,0,12,267,123,390,Unincorporated NSW
19499,0,0,0,0,0,0,0,0,0,0,0,0,0,0,0,0,0,0,0,0,0,
20110,0,1422,1422,1787,99,1886,547,9,556,544,3,547,242,0,242,86,0,86,3206,1533,4739,Alpine (S)
20260,0,1303,1303,1572,89,1661,537,5,542,481,0,481,218,10,228,108,8,116,2916,1415,4331,Ararat (RC)
20570,0,10239,10239,11100,1240,12340,4909,384,5293,4662,142,4804,2183,31,2214,840,15,855,23694,12051,35745,Ballarat (C)
20660,0,10441,10441,13246,1094,14340,7063,318,7381,7573,115,7688,2793,50,2843,982,22,1004,31657,12040,43697,Banyule (C)
20740,0,3733,3733,4298,329,4627,1379,40,1419,1297,9,1306,567,0,567,203,3,206,7744,4114,11858,Bass Coast (S)
20830,0,3977,3977,5588,308,5896,2121,35,2156,2275,10,2285,1153,3,1156,509,3,512,11646,4336,15982,Baw Baw (S)
20910,0,8010,8010,10112,633,10745,4814,93,4907,6433,24,6457,2548,17,2565,580,7,587,24487,8784,33271,Bayside (C)
21010,0,1676,1676,2059,130,2189,673,7,680,599,3,602,275,0,275,119,0,119,3725,1816,5541,Benalla (RC)
21110,0,13849,13849,15719,1995,17714,8308,741,9049,10501,282,10783,4510,90,4600,1202,34,1236,40240,16991,57231,Boroondara (C)
21180,0,10511,10511,15397,1169,16566,10961,314,11275,11307,173,11480,5478,87,5565,3327,47,3374,46470,12301,58771,Brimbank (C)
21270,0,869,869,921,55,976,267,10,277,258,0,258,151,0,151,84,0,84,1681,934,2615,Buloke (S)
21370,0,3704,3704,4951,305,5256,1773,32,1805,1703,0,1703,922,3,925,405,0,405,9754,4044,13798,Campaspe (S)
21450,0,4624,4624,7597,534,8131,4173,72,4245,4745,19,4764,2270,0,2270,1000,3,1003,19785,5252,25037,Cardinia (S)
21610,0,12652,12652,21053,1443,22496,14995,222,15217,17617,60,17677,7729,23,7752,4661,17,4678,66055,14417,80472,Casey (C)
21670,0,1766,1766,1827,138,1965,599,5,604,537,0,537,258,0,258,117,3,120,3338,1912,5250,Central Goldfields (S)
21750,0,2353,2353,2653,186,2839,997,24,1021,918,8,926,489,7,496,219,3,222,5276,2581,7857,Colac-Otway (S)
21830,0,1746,1746,2145,104,2249,721,17,738,778,3,781,460,0,460,220,0,220,4324,1870,6194,Corangamite (S)
21890,0,14371,14371,14529,2165,16694,7651,965,8616,7365,403,7768,2789,137,2926,1179,72,1251,33513,18113,51626,Darebin (C)
22110,0,4863,4863,6571,376,6947,2015,37,2052,1795,8,1803,835,3,838,356,0,356,11572,5287,16859,East Gippsland (S)
22170,0,12349,12349,14203,1383,15586,7627,223,7850,7354,47,7401,2974,9,2983,1233,3,1236,33391,14014,47405,Frankston (C)
22250,0,1326,1326,1553,63,1616,443,7,450,406,0,406,249,3,252,113,0,113,2764,1399,4163,Gannawarra (S)
22620,0,10305,10305,12369,1189,13558,5501,319,5820,5030,89,5119,2356,23,2379,1025,12,1037,26281,11937,38218,Greater Bendigo (C)
22670,0,10170,10170,11748,1073,12821,8022,306,8328,7234,167,7401,3761,82,3843,2869,58,2927,33634,11856,45490,Greater Dandenong (C)
22750,0,22069,22069,26030,2027,28057,11643,471,12114,11453,153,11606,4768,56,4824,1813,43,1856,55707,24819,80526,Greater Geelong (C)
22830,0,5708,5708,6858,541,7399,3160,89,3249,3133,24,3157,1466,9,1475,817,4,821,15434,6375,21809,Greater Shepparton (C)
22910,0,1794,1794,2090,151,2241,700,5,705,622,3,625,283,0,283,117,3,120,3812,1956,5768,Hepburn (S)
22980,0,744,744,830,43,873,270,5,275,275,0,275,121,3,124,50,0,50,1546,795,2341,Hindmarsh (S)
23110,0,7900,7900,9183,932,10115,4990,186,5176,5082,77,5159,1883,31,1914,866,11,877,22004,9137,31141,Hobsons Bay (C)
23190,0,2268,2268,2604,175,2779,970,33,1003,955,4,959,460,0,460,161,3,164,5150,2483,7633,Horsham (RC)
23270,0,8496,8496,13122,831,13953,9630,160,9790,10918,33,10951,5480,19,5499,3547,7,3554,42697,9546,52243,Hume (C)
23350,0,1386,1386,2057,102,2159,761,9,770,794,3,797,349,3,352,148,0,148,4109,1503,5612,Indigo (S)
23430,0,13914,13914,15761,1268,17029,8539,241,8780,9133,95,9228,3321,34,3355,1127,12,1139,37881,15564,53445,Kingston (C)
23670,0,10023,10023,15057,1044,16101,9346,194,9540,10456,40,10496,4278,7,4285,1609,3,1612,40746,11311,52057,Knox (C)
23810,0,8105,8105,9156,666,9822,4014,81,4095,3650,21,3671,1547,3,1550,700,5,705,19067,8881,27948,Latrobe (C)
23940,0,983,983,1133,70,1203,316,6,322,286,0,286,165,0,165,78,0,78,1978,1059,3037,Loddon (S)
24130,0,2900,2900,4715,238,4953,2242,23,2265,2680,3,2683,1249,3,1252,469,0,469,11355,3167,14522,Macedon Ranges (S)
24210,0,6774,6774,12138,532,12670,6880,163,7043,7703,51,7754,3233,19,3252,1120,8,1128,31074,7547,38621,Manningham (C)
24250,0,897,897,1136,77,1213,333,3,336,327,0,327,149,0,149,63,0,63,2008,977,2985,Mansfield (S)
24330,0,7211,7211,7252,1273,8525,4224,505,4729,3611,181,3792,1301,84,1385,767,40,807,17155,9294,26449,Maribyrnong (C)
24410,0,9493,9493,11554,887,12441,6099,147,6246,6451,31,6482,2723,14,2737,982,5,987,27809,10577,38386,Maroondah (C)
24600,0,15189,15189,11942,4279,16221,3609,1615,5224,1817,562,2379,523,141,664,246,53,299,18137,21839,39976,Melbourne (C)
24650,0,5692,5692,9158,647,9805,6673,81,6754,7670,27,7697,3393,9,3402,1625,0,1625,28519,6456,34975,Melton (S)
24780,0,5490,5490,6215,417,6632,2679,58,2737,2516,13,2529,1264,13,1277,581,5,586,13255,5996,19251,Mildura (RC)
24850,0,2522,2522,3675,249,3924,1855,20,1875,2037,3,2040,992,7,999,451,3,454,9010,2804,11814,Mitchell (S)
24900,0,3019,3019,3925,232,4157,1304,22,1326,1190,6,1196,693,0,693,358,0,358,7470,3279,10749,Moira (S)
24970,0,11798,11798,17512,1500,19012,10295,866,11161,11058,571,11629,3892,238,4130,1526,118,1644,44283,15091,59374,Monash (C)
25060,0,10615,10615,11889,1375,13264,6225,401,6626,6452,137,6589,2598,44,2642,815,8,823,27979,12580,40559,Moonee Valley (C)
25150,0,2211,2211,3230,198,3428,1562,15,1577,1713,8,1721,785,0,785,356,0,356,7646,2432,10078,Moorabool (S)
25250,0,15092,15092,16049,2579,18628,8092,1223,9315,7581,532,8113,2926,161,3087,1557,53,1610,36205,19640,55845,Moreland (C)
25340,0,14205,14205,18876,1141,20017,7290,105,7395,8001,31,8032,3291,10,3301,1198,3,1201,38656,15495,54151,Mornington Peninsula (S)
25430,0,2278,2278,2476,197,2673,864,20,884,754,5,759,354,0,354,151,0,151,4599,2500,7099,Mount Alexander (S)
25490,0,1392,1392,2042,88,2130,792,5,797,812,3,815,474,3,477,194,0,194,4314,1491,5805,Moyne (S)
25620,0,1400,1400,1850,112,1962,636,7,643,682,3,685,242,3,245,101,0,101,3511,1525,5036,Murrindindi (S)
25710,0,2654,2654,5355,224,5579,3355,28,3383,4918,5,4923,2149,3,2152,672,0,672,16449,2914,19363,Nillumbik (S)
25810,0,1457,1457,1735,107,1842,570,14,584,540,3,543,224,8,232,106,5,111,3175,1594,4769,Northern Grampians (S)
56020,0,62,62,74,8,82,22,0,22,34,0,34,17,0,17,13,0,13,160,70,230,Mullewa (S)
56090,0,2297,2297,4380,168,4548,1983,28,2011,2144,18,2162,966,3,969,402,3,405,9875,2517,12392,Mundaring (S)
25900,0,16598,16598,13063,3327,16390,4166,848,5014,2843,187,3030,756,31,787,243,8,251,21071,20999,42070,Port Phillip (C)
25990,0,841,841,970,67,1037,308,5,313,270,0,270,159,0,159,64,0,64,1771,913,2684,Pyrenees (S)
26080,0,422,422,480,15,495,101,3,104,139,0,139,43,0,43,13,0,13,776,440,1216,Queenscliffe (B)
26170,0,2819,2819,3878,211,4089,1314,16,1330,1290,0,1290,643,0,643,282,0,282,7407,3046,10453,South Gippsland (S)
26260,0,2035,2035,2279,131,2410,731,34,765,785,4,789,407,0,407,128,0,128,4330,2204,6534,Southern Grampians (S)
26350,0,13199,13199,11537,2680,14217,4311,872,5183,4099,228,4327,1654,54,1708,441,30,471,22042,17063,39105,Stonnington (C)
26430,0,1185,1185,1499,82,1581,463,0,463,370,0,370,164,0,164,84,0,84,2580,1267,3847,Strathbogie (S)
26490,0,1935,1935,3050,194,3244,1310,56,1366,1581,19,1600,713,4,717,195,0,195,6849,2208,9057,Surf Coast (S)
26610,0,2080,2080,2464,210,2674,1011,45,1056,902,17,919,548,3,551,275,11,286,5200,2366,7566,Swan Hill (RC)
26670,0,658,658,925,25,950,247,4,251,265,0,265,149,0,149,52,0,52,1638,687,2325,Towong (S)
26700,0,3149,3149,3599,209,3808,1438,20,1458,1321,10,1331,652,0,652,237,0,237,7247,3388,10635,Wangaratta (RC)
26730,0,3370,3370,3817,354,4171,1642,94,1736,1583,29,1612,783,15,798,324,3,327,8149,3865,12014,Warrnambool (C)
26810,0,4423,4423,5496,313,5809,2069,34,2103,1954,3,1957,983,3,986,383,4,387,10885,4780,15665,Wellington (S)
26890,0,571,571,652,19,671,183,0,183,190,0,190,104,0,104,37,0,37,1166,590,1756,West Wimmera (S)
26980,0,13570,13570,16031,1387,17418,8806,527,9333,9667,328,9995,3664,157,3821,1228,106,1334,39396,16075,55471,Whitehorse (C)
27070,0,7629,7629,13969,775,14744,9546,221,9767,10978,87,11065,4624,38,4662,2340,16,2356,41457,8766,50223,Whittlesea (C)
27170,0,3400,3400,4210,389,4599,2021,64,2085,1926,17,1943,873,3,876,317,4,321,9347,3877,13224,Wodonga (RC)
27260,0,8832,8832,14399,1214,15613,10369,208,10577,10758,54,10812,4542,13,4555,2405,6,2411,42473,10327,52800,Wyndham (C)
27350,0,9680,9680,9438,2656,12094,3580,1334,4914,2623,461,3084,759,107,866,284,39,323,16684,14277,30961,Yarra (C)
27450,0,10305,10305,15703,977,16680,8385,138,8523,9343,32,9375,4147,8,4155,1635,7,1642,39213,11467,50680,Yarra Ranges (S)
27630,0,935,935,1035,48,1083,317,3,320,281,3,284,156,4,160,70,0,70,1859,993,2852,Yarriambiack (S)
29399,0,52,52,41,12,53,3,3,6,13,0,13,3,0,3,0,0,0,60,67,127,Unincorporated Vic
29499,0,0,0,0,0,0,0,0,0,0,0,0,0,0,0,0,0,0,0,0,0,
30250,0,27,27,22,4,26,15,0,15,25,0,25,19,0,19,108,0,108,189,31,220,Aurukun (S)
30300,0,410,410,504,43,547,224,4,228,211,0,211,138,0,138,86,0,86,1163,457,1620,Balonne (S)
11000,0,332,332,363,24,387,103,0,103,110,0,110,50,0,50,23,0,23,649,356,1005,Bombala (A)
30370,0,1218,1218,1782,95,1877,706,28,734,750,3,753,395,3,398,181,0,181,3814,1347,5161,Banana (S)
30410,0,343,343,390,22,412,159,6,165,166,0,166,71,0,71,38,3,41,824,374,1198,Barcaldine (R)
30450,0,40,40,50,6,56,15,0,15,10,0,10,7,0,7,3,0,3,85,46,131,Barcoo (S)
30760,0,269,269,301,13,314,114,0,114,103,0,103,46,0,46,20,0,20,584,282,866,Blackall Tambo (R)
34570,0,18,18,22,0,22,12,3,15,12,0,12,10,0,10,35,0,35,91,21,112,Lockhart River (S)
34580,0,2400,2400,4137,322,4459,1730,98,1828,1603,53,1656,903,22,925,623,9,632,8996,2904,11900,Lockyer Valley (R)
34590,0,16049,16049,26619,2520,29139,16205,454,16659,16080,120,16200,7789,24,7813,5428,10,5438,72121,19177,91298,Logan (C)
34710,0,437,437,484,37,521,197,5,202,189,3,192,104,0,104,71,0,71,1045,482,1527,Longreach (R)
34770,0,7755,7755,12517,1025,13542,6091,253,6344,6439,77,6516,2976,18,2994,1407,4,1411,29430,9132,38562,Mackay (R)
34800,0,100,100,85,10,95,41,0,41,30,3,33,16,0,16,15,0,15,187,113,300,McKinlay (S)
36810,0,4341,4341,5924,399,6323,2061,44,2105,1912,10,1922,926,5,931,610,3,613,11433,4802,16235,Tablelands (R)
37310,0,2698,2698,3693,288,3981,1449,56,1505,1483,14,1497,811,3,814,452,3,455,7888,3062,10950,Western Downs (R)
59250,0,26,26,28,3,31,14,0,14,6,0,6,9,0,9,25,0,25,82,29,111,Wiluna (S)
34420,0,35,35,36,9,45,22,0,22,35,0,35,25,0,25,70,0,70,188,44,232,Kowanyama (S)
59320,0,36,36,52,3,55,27,0,27,31,0,31,7,0,7,0,0,0,117,39,156,Woodanilling (S)
59330,0,89,89,69,5,74,24,0,24,20,0,20,12,0,12,0,0,0,125,94,219,Wyalkatchem (S)
11250,0,2508,2508,2517,138,2655,980,7,987,783,3,786,339,0,339,162,0,162,4781,2656,7437,Broken Hill (C)
36360,0,9371,9371,12827,1019,13846,5729,200,5929,5430,48,5478,2509,13,2522,1384,7,1391,27879,10658,38537,Rockhampton (R)
40310,0,2037,2037,3117,151,3268,1169,11,1180,1302,5,1307,530,0,530,186,0,186,6304,2204,8508,Barossa (DC)
40430,0,329,329,435,21,456,91,0,91,79,0,79,54,0,54,20,0,20,679,350,1029,Barunga West (DC)
10050,0,5584,5584,5849,636,6485,2528,133,2661,2403,46,2449,1014,10,1024,409,5,414,12203,6414,18617,Albury (C)
10110,0,2466,2466,2723,310,3033,1135,83,1218,1078,29,1107,524,10,534,228,3,231,5688,2901,8589,Armidale Dumaresq (A)
11050,0,319,319,336,15,351,103,0,103,99,0,99,66,0,66,28,0,28,632,334,966,Boorowa (A)
11100,0,3465,3465,3699,485,4184,2506,132,2638,2414,44,2458,927,13,940,430,4,434,9976,4143,14119,Botany Bay (C)
11150,0,285,288,282,23,305,103,0,103,116,0,116,74,0,74,54,0,54,632,308,940,Bourke (A)
11200,0,169,169,148,20,168,91,0,91,64,0,64,29,0,29,54,0,54,386,189,575,Brewarrina (A)
11720,0,4342,4342,5878,419,6297,2905,39,2944,2688,6,2694,1316,3,1319,629,4,633,13416,4813,18229,Cessnock (C)
10150,0,4181,4181,4220,692,4912,2500,212,2712,2268,77,2345,774,24,798,334,14,348,10096,5200,15296,Ashfield (A)
10200,0,3760,3760,5028,654,5682,4126,249,4375,4201,121,4322,2096,62,2158,1741,42,1783,17192,4888,22080,Auburn (C)
10250,0,4261,4261,5632,457,6089,2087,77,2164,1914,17,1931,792,0,792,354,5,359,10779,4817,15596,Ballina (A)
10300,0,224,224,292,10,302,115,3,118,101,0,101,54,0,54,29,0,29,591,237,828,Balranald (A)
10350,0,11454,11454,13810,902,14712,9754,166,9920,10567,57,10624,6005,24,6029,4484,15,4499,44620,12618,57238,Bankstown (C)
10470,0,3547,3547,4364,393,4757,1929,100,2029,1910,45,1955,905,13,918,445,3,448,9553,4101,13654,Bathurst Regional (A)
10550,0,3464,3464,5009,301,5310,1605,30,1635,1369,3,1372,629,0,629,264,0,264,8876,3798,12674,Bega Valley (A)
10600,0,1380,1380,1817,146,1963,661,19,680,602,3,605,266,0,266,115,0,115,3461,1548,5009,Bellingen (A)
10650,0,1027,1027,1267,55,1322,335,0,335,313,0,313,161,0,161,90,0,90,2166,1082,3248,Berrigan (A)
10750,0,15098,15098,22577,1631,24208,17965,278,18243,19731,105,19836,9598,45,9643,6601,27,6628,76472,17184,93656,Blacktown (C)
10800,0,645,645,815,45,860,262,4,266,236,0,236,152,0,152,104,0,104,1569,694,2263,Bland (A)
10850,0,677,677,868,38,906,335,3,338,333,0,333,196,0,196,101,0,101,1833,718,2551,Blayney (A)
10900,0,7183,7183,8934,680,9614,4259,89,4348,4238,20,4258,1812,5,1817,807,4,811,20050,7981,28031,Blue Mountains (C)
10950,0,316,316,320,20,340,139,0,139,139,0,139,77,0,77,38,0,38,713,336,1049,Bogan (A)
11300,0,2209,2209,2617,419,3036,1839,229,2068,1916,137,2053,823,61,884,457,21,478,7652,3076,10728,Burwood (A)
11350,0,3090,3090,3436,587,4023,1620,159,1779,1428,72,1500,549,15,564,239,3,242,7272,3926,11198,Byron (A)
11400,0,1105,1105,1707,66,1773,619,3,622,626,3,629,379,3,382,195,0,195,3526,1180,4706,Cabonne (A)
11450,0,2589,2589,4910,261,5171,3060,47,3107,4205,5,4210,1842,7,1849,946,3,949,14963,2912,17875,Camden (A)
11500,0,8854,8854,12484,912,13396,8851,105,8956,8833,26,8859,4226,9,4235,2986,0,2986,37380,9906,47286,Campbelltown (C)
11520,0,6459,6459,8649,1002,9651,4798,341,5139,4483,106,4589,1598,23,1621,548,9,557,20076,7940,28016,Canada Bay (A)
11550,0,9746,9746,11669,1112,12781,8582,233,8815,8074,127,8201,3839,49,3888,2470,27,2497,34634,11294,45928,Canterbury (C)
11600,0,284,284,327,27,354,120,0,120,121,0,121,63,0,63,43,0,43,674,311,985,Carrathool (A)
11700,0,267,267,223,15,238,84,3,87,62,0,62,36,0,36,49,0,49,454,285,739,Central Darling (A)
11730,0,5327,5327,7139,462,7601,2503,44,2547,2173,15,2188,1018,0,1018,576,0,576,13409,5848,19257,Clarence Valley (A)
11750,0,526,526,559,32,591,207,3,210,217,0,217,117,0,117,60,0,60,1160,561,1721,Cobar (A)
11800,0,6935,6935,9021,750,9771,3606,114,3720,3367,28,3395,1518,10,1528,726,0,726,18238,7837,26075,Coffs Harbour (C)
11860,0,116,116,197,9,206,70,0,70,78,0,78,48,0,48,30,0,30,423,125,548,Conargo (A)
12000,0,376,376,536,32,568,167,0,167,184,0,184,127,0,127,66,0,66,1080,408,1488,Coolamon (A)
12050,0,1169,1169,1351,77,1428,462,7,469,450,3,453,217,0,217,92,0,92,2572,1256,3828,Cooma-Monaro (A)
12150,0,459,459,531,33,564,189,0,189,160,0,160,97,0,97,68,0,68,1045,492,1537,Coonamble (A)
12200,0,897,897,1143,42,1185,340,0,340,308,0,308,157,0,157,66,0,66,2014,939,2953,Cootamundra (A)
12300,0,1260,1260,1729,105,1834,470,10,480,499,0,499,232,0,232,103,0,103,3033,1375,4408,Corowa Shire (A)
12350,0,1459,1459,1657,97,1754,570,9,579,511,8,519,292,3,295,136,0,136,3166,1576,4742,Cowra (A)
40520,0,1209,1209,1491,75,1566,590,4,594,478,0,478,226,4,230,95,0,95,2880,1292,4172,Berri and Barmera (DC)
17100,0,2151,2151,2843,319,3162,2217,157,2374,2108,74,2182,911,40,951,538,20,558,8617,2761,11378,Strathfield (A)
17150,0,16307,16307,22522,1604,24126,12046,211,12257,14256,46,14302,6249,8,6257,2096,4,2100,57169,18180,75349,Sutherland Shire (A)
17200,0,29226,29226,21886,6477,28363,6562,2225,8787,3782,1180,4962,990,312,1302,368,162,530,33588,39582,73170,Sydney (C)
17310,0,5608,5608,7220,510,7730,3043,60,3103,2787,16,2803,1311,3,1314,585,0,585,14946,6197,21143,Tamworth Regional (A)
17350,0,708,708,816,43,859,262,0,262,248,0,248,129,0,129,84,0,84,1539,751,2290,Temora (A)
17400,0,858,858,992,55,1047,313,8,321,245,0,245,125,0,125,89,0,89,1764,921,2685,Tenterfield (A)
17420,0,6393,6393,14523,643,15166,9889,130,10019,13331,44,13375,5778,38,5816,2503,24,2527,46024,7272,53296,The Hills Shire (A)
17450,0,387,387,503,17,520,147,0,147,129,0,129,66,0,66,41,0,41,886,404,1290,Tumbarumba (A)
22310,0,13867,13867,13795,1731,15526,7355,656,8011,8222,221,8443,2971,70,3041,983,25,1008,33326,16570,49896,Glen Eira (C)
22410,0,2298,2298,2697,144,2841,1006,20,1026,1012,8,1020,389,0,389,140,0,140,5244,2470,7714,Glenelg (S)
22490,0,1079,1079,2142,85,2227,938,7,945,1184,0,1184,594,4,598,265,0,265,5123,1175,6298,Golden Plains (S)
40070,0,3445,3445,2342,804,3146,619,357,976,313,132,445,100,32,132,28,6,34,3402,4776,8178,Adelaide (C)
40120,0,2508,2508,4725,204,4929,2194,20,2214,2577,5,2582,1027,4,1031,349,0,349,10872,2741,13613,Adelaide Hills (DC)
40220,0,2481,2481,3949,185,4134,1092,24,1116,1103,0,1103,470,0,470,200,0,200,6814,2690,9504,Alexandrina (DC)
44000,0,10,10,10,0,10,0,0,0,4,0,4,0,0,0,0,0,0,14,10,24,Maralinga Tjarutja (AC)
30900,0,55,55,46,4,50,11,3,14,16,3,19,14,0,14,14,0,14,101,65,166,Boulia (S)
31000,0,91383,91383,112233,17189,129422,57931,6588,64519,57507,2537,60044,23741,801,24542,10560,306,10866,261972,118804,380776,Brisbane (C)
36510,0,2897,2897,4901,290,5191,1913,29,1942,1806,9,1815,915,0,915,512,7,519,10047,3232,13279,Scenic Rim (R)
36580,0,1711,1711,2853,197,3050,1132,12,1144,1059,9,1068,539,0,539,305,0,305,5888,1929,7817,Somerset (R)
36630,0,3073,3073,4451,334,4785,1448,28,1476,1372,10,1382,710,3,713,430,0,430,8411,3448,11859,South Burnett (R)
36660,0,3407,3407,4693,275,4968,1673,36,1709,1527,13,1540,766,3,769,467,3,470,9126,3737,12863,Southern Downs (R)
36710,0,27375,27375,42638,3646,46284,16501,727,17228,16402,189,16591,6490,39,6529,2699,7,2706,84730,31983,116713,Sunshine Coast (R)
31750,0,34,34,40,0,40,13,0,13,21,0,21,7,0,7,4,0,4,85,34,119,Bulloo (S)
32250,0,199,199,201,15,216,61,3,64,73,0,73,38,0,38,54,0,54,427,217,644,Carpentaria (S)
32260,0,2655,2655,3654,291,3945,1463,34,1497,1238,12,1250,624,3,627,332,3,335,7311,2998,10309,Cassowary Coast (R)
32270,0,1755,1755,2612,281,2893,1387,71,1458,1588,25,1613,825,3,828,425,0,425,6837,2135,8972,Central Highlands (R)
32310,0,1052,1052,1435,108,1543,574,14,588,565,0,565,280,0,280,179,0,179,3033,1174,4207,Charters Towers (R)
36910,0,14099,14099,18527,1397,19924,7721,298,8019,7422,58,7480,3711,16,3727,1929,4,1933,39310,15872,55182,Toowoomba (R)
36950,0,173,173,157,26,183,121,4,125,116,0,116,75,0,75,143,0,143,612,203,815,Torres (S)
36960,0,183,183,172,11,183,129,0,129,112,0,112,113,0,113,222,0,222,748,194,942,Torres Strait Island (R)
37010,0,13396,13396,19039,2319,21358,9936,635,10571,9155,205,9360,4063,51,4114,2155,14,2169,44348,16620,60968,Townsville (C)
41060,0,12890,12890,13215,1286,14501,5965,298,6263,5906,119,6025,1956,24,1980,778,20,798,27820,14637,42457,Charles Sturt (C)
41140,0,915,915,1283,77,1360,409,6,415,419,5,424,216,0,216,71,0,71,2398,1003,3401,Clare and Gilbert Valleys (DC)
44060,0,10118,10118,10677,1048,11725,5025,301,5326,4497,84,4581,1515,23,1538,541,9,550,22255,11583,33838,Marion (C)
32330,0,33,33,41,4,45,25,0,25,28,0,28,34,0,34,80,0,80,208,37,245,Cherbourg (S)
32450,0,248,248,260,32,292,111,4,115,111,5,116,70,0,70,68,0,68,620,289,909,Cloncurry (S)
32500,0,451,451,427,44,471,146,7,153,127,0,127,79,0,79,55,0,55,834,502,1336,Cook (S)
32600,0,26,26,31,0,31,7,4,11,16,0,16,8,0,8,10,0,10,72,30,102,Croydon (S)
37300,0,184,184,307,37,344,165,0,165,179,0,179,83,0,83,47,0,47,781,221,1002,Weipa (T)
32750,0,39,39,26,3,29,15,0,15,11,0,11,3,0,3,4,0,4,59,42,101,Diamantina (S)
41330,0,339,339,192,13,205,65,3,68,54,0,54,19,0,19,25,0,25,355,355,710,Coober Pedy (DC)
32770,0,17,17,22,7,29,21,0,21,19,0,19,24,0,24,103,0,103,189,24,213,Doomadgee (S)
33100,0,117,117,111,10,121,45,0,45,28,0,28,22,0,22,9,0,9,215,127,342,Etheridge (S)
33200,0,187,187,249,16,265,88,3,91,61,0,61,41,0,41,20,0,20,459,206,665,Flinders (S)
33220,0,9201,9201,14410,1027,15437,4733,109,4842,4287,21,4308,1902,4,1906,1053,0,1053,26385,10362,36747,Fraser Coast (R)
33360,0,3839,3839,6186,563,6749,3090,103,3193,3345,27,3372,1528,3,1531,723,0,723,14872,4535,19407,Gladstone (R)
33430,0,41750,41750,58979,8234,67213,28470,1964,30434,26499,555,27054,10406,127,10533,4601,35,4636,128955,52665,181620,Gold Coast (C)
33610,0,1047,1047,1248,95,1343,507,11,518,490,0,490,315,0,315,123,0,123,2683,1153,3836,Goondiwindi (R)
33620,0,4437,4437,6634,415,7049,2233,62,2295,2116,9,2125,967,3,970,575,3,578,12525,4929,17454,Gympie (R)
33800,0,1214,1214,1672,80,1752,595,8,603,563,0,563,263,0,263,93,0,93,3186,1302,4488,Hinchinbrook (S)
33830,0,29,29,34,5,39,31,0,31,41,0,41,40,0,40,47,0,47,193,34,227,Hope Vale (S)
33960,0,11476,11476,16475,1590,18065,9732,287,10019,9412,85,9497,4358,13,4371,2893,7,2900,42870,13458,56328,Ipswich (C)
33980,0,1259,1259,1880,179,2059,1021,47,1068,1311,8,1319,642,0,642,304,0,304,5158,1493,6651,Isaac (R)
34830,0,20,20,17,0,17,12,0,12,6,0,6,5,0,5,12,0,12,52,20,72,Mapoon (S)
35250,0,53,53,39,6,45,25,0,25,28,0,28,25,0,25,69,0,69,186,59,245,Mornington (S)
35300,0,1514,1514,1784,226,2010,988,59,1047,985,14,999,486,3,489,342,0,342,4585,1816,6401,Mount Isa (C)
35600,0,474,474,536,33,569,214,5,219,237,0,237,93,0,93,63,0,63,1143,512,1655,Murweh (S)
35670,0,22,22,29,0,29,31,0,31,28,0,28,25,0,25,47,0,47,160,22,182,Napranum (S)
35760,0,1122,1122,1526,99,1625,488,14,502,402,8,410,214,5,219,108,0,108,2738,1248,3986,North Burnett (R)
35780,0,111,111,106,8,114,80,3,83,70,4,74,58,0,58,123,0,123,437,126,563,Northern Peninsula Area (R)
47800,0,598,598,799,49,848,258,4,262,232,0,232,118,0,118,60,0,60,1467,651,2118,The Coorong (DC)
47910,0,332,332,409,15,424,111,0,111,109,0,109,61,0,61,12,0,12,702,347,1049,Tumby Bay (DC)
35790,0,44,44,53,6,59,34,0,34,45,0,45,46,0,46,156,0,156,334,50,384,Palm Island (S)
35800,0,251,251,227,11,238,86,0,86,58,0,58,44,0,44,30,0,30,445,262,707,Paroo (S)
36070,0,26,26,44,0,44,31,0,31,18,0,18,12,0,12,32,0,32,137,26,163,Pormpuraaw (S)
36150,0,121,121,126,5,131,48,3,51,44,3,47,26,0,26,5,0,5,249,132,381,Quilpie (S)
36250,0,9704,9704,16067,1050,17117,7946,218,8164,8805,47,8852,3720,7,3727,1604,3,1607,38142,11029,49171,Redland (C)
36300,0,87,87,107,7,114,41,4,45,37,0,37,27,0,27,5,0,5,217,98,315,Richmond (S)
37400,0,184,184,186,14,200,66,0,66,54,0,54,28,0,28,15,0,15,349,198,547,Winton (S)
50490,0,4091,4091,4107,630,4737,1999,222,2221,1538,71,1609,658,22,680,342,13,355,8644,5049,13693,Belmont (C)
50560,0,202,202,273,9,282,71,3,74,54,0,54,26,0,26,20,0,20,444,214,658,Beverley (S)
37550,0,47,47,26,4,30,33,0,33,29,0,29,24,0,24,59,0,59,171,51,222,Woorabinda (S)
47290,0,265,265,289,16,305,88,3,91,109,0,109,45,0,45,15,0,15,546,284,830,Southern Mallee (DC)
37570,0,11,11,14,0,14,8,0,8,14,0,14,11,0,11,10,0,10,57,11,68,Wujal Wujal (S)
39399,0,0,0,0,0,0,0,0,0,0,0,0,0,0,0,0,0,0,0,0,0,
39499,0,0,0,0,0,0,0,0,0,0,0,0,0,0,0,0,0,0,0,0,0,
40250,0,142,142,80,11,91,41,0,41,58,0,58,55,0,55,139,0,139,373,153,526,Anangu Pitjantjatjara (AC)
40700,0,4885,4885,5292,368,5660,2139,90,2229,2508,43,2551,982,13,995,261,15,276,11182,5414,16596,Burnside (C)
40910,0,4954,4954,5887,370,6257,2905,108,3013,3039,41,3080,1036,27,1063,340,3,343,13207,5503,18710,Campbelltown (C)
41010,0,352,352,446,32,478,153,4,157,150,0,150,82,0,82,54,0,54,885,388,1273,Ceduna (DC)
41190,0,215,215,246,16,262,66,3,69,79,0,79,49,0,49,15,0,15,455,234,689,Cleve (DC)
52800,0,393,393,397,34,431,185,14,199,222,0,222,166,0,166,247,0,247,1217,441,1658,Derby-West Kimberley (S)
41830,0,202,202,275,8,283,82,0,82,69,0,69,28,0,28,21,0,21,475,210,685,Flinders Ranges (DC)
41960,0,133,133,194,7,201,56,0,56,43,0,43,39,0,39,7,0,7,339,140,479,Franklin Harbour (DC)
44210,0,1040,1040,1285,67,1352,372,6,378,313,0,313,152,0,152,52,0,52,2174,1113,3287,Mid Murray (DC)
44340,0,5887,5887,7633,554,8187,3559,169,3728,4050,56,4106,1392,20,1412,435,7,442,17069,6693,23762,Mitcham (C)
44550,0,2363,2363,3600,232,3832,1667,28,1695,1914,6,1920,790,3,793,293,0,293,8264,2632,10896,Mount Barker (DC)
54170,0,8850,8850,16818,994,17812,9291,297,9588,11146,101,11247,4141,34,4175,1320,7,1327,42716,10283,52999,Joondalup (C)
42030,0,2297,2297,2772,169,2941,1270,19,1289,1103,3,1106,383,0,383,157,4,161,5685,2492,8177,Gawler (T)
42110,0,519,519,613,31,644,201,4,205,188,0,188,91,0,91,35,0,35,1128,554,1682,Goyder (DC)
42250,0,511,511,999,42,1041,378,3,381,494,0,494,221,0,221,68,0,68,2160,556,2716,Grant (DC)
44620,0,3155,3155,3396,255,3651,1376,33,1409,1243,3,1246,553,0,553,204,0,204,6772,3446,10218,Mount Gambier (C)
44830,0,342,342,471,20,491,114,0,114,121,0,121,60,0,60,24,0,24,790,362,1152,Mount Remarkable (DC)
45040,0,2149,2149,2530,188,2718,1002,26,1028,916,8,924,474,10,484,195,9,204,5117,2390,7507,Murray Bridge (RC)
54830,0,2213,2213,3028,280,3308,1733,46,1779,1566,8,1574,692,4,696,415,3,418,7434,2554,9988,Kwinana (T)
42600,0,5396,5396,4803,520,5323,1714,107,1821,1559,29,1588,573,6,579,123,4,127,8772,6062,14834,Holdfast Bay (C)
42750,0,561,561,690,41,731,214,4,218,174,0,174,76,0,76,23,0,23,1177,606,1783,Kangaroo Island (DC)
43080,0,115,115,148,11,159,54,0,54,45,0,45,31,0,31,8,0,8,286,126,412,Karoonda East Murray (DC)
43220,0,114,114,150,9,159,52,0,52,50,0,50,33,0,33,3,0,3,288,123,411,Kimba (DC)
43360,0,274,274,371,21,392,111,0,111,102,0,102,35,0,35,11,0,11,630,295,925,Kingston (DC)
43650,0,876,876,1587,67,1654,725,11,736,963,3,966,410,0,410,146,0,146,3831,957,4788,Light (RegC)
43710,0,388,388,633,28,661,238,3,241,265,0,265,127,0,127,54,0,54,1317,419,1736,Lower Eyre Peninsula (DC)
43790,0,1269,1269,1676,59,1735,565,9,574,546,0,546,245,3,248,101,0,101,3133,1340,4473,Loxton Waikerie (DC)
43920,0,579,579,929,70,999,482,3,485,528,0,528,217,0,217,111,0,111,2267,652,2919,Mallala (DC)
47490,0,212,212,273,10,283,93,3,96,91,0,91,55,0,55,19,0,19,531,225,756,Streaky Bay (DC)
47630,0,653,653,865,55,920,296,6,302,329,3,332,196,3,199,64,0,64,1750,720,2470,Tatiara (DC)
47700,0,7731,7731,12537,650,13187,5875,103,5978,6269,31,6300,2086,4,2090,673,5,678,27440,8524,35964,Tea Tree Gully (C)
45090,0,798,798,1162,55,1217,415,8,423,447,10,457,170,3,173,48,7,55,2242,881,3123,Naracoorte and Lucindale (DC)
45120,0,550,550,701,33,734,203,6,209,203,0,203,101,0,101,41,0,41,1249,589,1838,Northern Areas (DC)
45290,0,5440,5440,4420,663,5083,1751,219,1970,1701,75,1776,552,28,580,145,8,153,8569,6433,15002,Norwood Payneham St Peters (C)
45340,0,14327,14327,20436,1354,21790,9723,192,9915,9654,38,9692,3456,9,3465,1332,3,1335,44601,15923,60524,Onkaparinga (C)
45400,0,101,101,151,4,155,38,3,41,31,0,31,19,0,19,8,0,8,247,108,355,Orroroo/Carrieton (DC)
50250,0,455,455,514,39,553,264,9,273,381,0,381,183,0,183,92,0,92,1434,503,1937,Ashburton (S)
50280,0,991,991,1461,112,1573,669,36,705,616,13,629,245,4,249,61,0,61,3052,1156,4208,Augusta-Margaret River (S)
50350,0,1638,1638,1806,197,2003,848,43,891,746,17,763,298,3,301,119,0,119,3817,1898,5715,Bassendean (T)
50420,0,7041,7041,7628,1008,8636,3542,262,3804,3097,87,3184,1164,22,1186,483,11,494,15914,8431,24345,Bayswater (C)
45540,0,316,316,267,24,291,77,0,77,57,0,57,20,0,20,19,0,19,440,340,780,Peterborough (DC)
45680,0,7267,7267,8812,790,9602,4788,86,4874,4111,29,4140,1949,7,1956,1166,0,1166,20826,8179,29005,Playford (C)
45890,0,14195,14195,12884,1456,14340,6598,357,6955,5678,153,5831,2120,59,2179,1118,35,1153,28398,16255,44653,Port Adelaide Enfield (C)
46090,0,1501,1501,1656,108,1764,693,16,709,660,3,663,256,0,256,139,0,139,3404,1628,5032,Port Augusta (C)
46300,0,1624,1624,1862,149,2011,729,31,760,705,8,713,302,3,305,108,0,108,3706,1815,5521,Port Lincoln (C)
46450,0,2240,2240,2407,120,2527,876,10,886,795,3,798,380,0,380,181,0,181,4639,2373,7012,Port Pirie City and Dists (M)
46510,0,2292,2292,2143,296,2439,1081,112,1193,1263,58,1321,437,18,455,114,9,123,5038,2785,7823,Prospect (C)
46670,0,1052,1052,1244,72,1316,453,8,461,457,3,460,212,3,215,81,3,84,2447,1141,3588,Renmark Paringa (DC)
46860,0,157,157,230,10,240,42,0,42,63,0,63,27,0,27,12,0,12,374,167,541,Robe (DC)
46970,0,220,220,351,47,398,238,17,255,281,3,284,131,0,131,32,3,35,1033,290,1323,Roxby Downs (M)
47140,0,11532,11532,14609,1153,15762,7964,191,8155,7201,43,7244,3035,16,3051,1611,11,1622,34420,12946,47366,Salisbury (C)
47980,0,4623,4623,4267,614,4881,1891,200,2091,2088,59,2147,691,11,702,184,7,191,9121,5514,14635,Unley (C)
48050,0,1732,1732,2633,95,2728,515,6,521,489,3,492,208,0,208,63,0,63,3908,1836,5744,Victor Harbor (C)
48130,0,780,780,871,52,923,316,4,320,302,4,306,144,0,144,92,0,92,1725,840,2565,Wakefield (DC)
50630,0,124,124,205,10,215,85,0,85,91,0,91,40,0,40,24,0,24,445,134,579,Boddington (S)
50770,0,168,168,244,8,252,57,0,57,88,0,88,35,0,35,16,0,16,440,176,616,Boyup Brook (S)
50840,0,461,461,690,29,719,206,4,210,203,0,203,89,0,89,44,0,44,1232,494,1726,Bridgetown-Greenbushes (S)
50910,0,99,99,123,4,127,45,0,45,39,0,39,12,0,12,15,0,15,234,103,337,Brookton (S)
50980,0,1039,1039,1280,196,1476,678,60,738,690,21,711,320,9,329,289,4,293,3257,1329,4586,Broome (S)
51080,0,93,93,134,0,134,62,0,62,61,0,61,31,0,31,18,0,18,306,93,399,Broomehill-Tambellup (S)
51120,0,116,116,155,7,162,32,0,32,41,0,41,20,0,20,20,0,20,268,123,391,Bruce Rock (S)
51190,0,3678,3678,4198,381,4579,1727,91,1818,1469,24,1493,529,7,536,227,0,227,8150,4181,12331,Bunbury (C)
51260,0,2508,2508,3983,244,4227,1514,54,1568,1731,12,1743,695,3,698,253,0,253,8176,2821,10997,Busselton (S)
51310,0,2163,2163,2579,220,2799,1179,89,1268,1722,40,1762,762,7,769,203,5,208,6445,2524,8969,Cambridge (T)
51330,0,6568,6568,8484,893,9377,4814,425,5239,5178,263,5441,2233,113,2346,1027,79,1106,21736,8341,30077,Canning (C)
51400,0,635,635,1495,90,1585,799,13,812,1013,3,1016,428,0,428,178,0,178,3913,741,4654,Capel (S)
51470,0,74,74,70,5,75,24,0,24,31,0,31,8,4,12,3,0,3,136,83,219,Carnamah (S)
51540,0,575,575,600,46,646,253,6,259,250,0,250,129,0,129,91,0,91,1323,627,1950,Carnarvon (S)
51610,0,81,81,151,9,160,63,0,63,84,0,84,21,0,21,10,0,10,329,90,419,Chapman Valley (S)
62810,0,6356,6356,5871,904,6775,2428,407,2835,2333,185,2518,754,66,820,271,38,309,11657,7956,19613,Hobart (C)
48260,0,843,843,873,80,953,338,27,365,381,12,393,140,0,140,46,0,46,1778,962,2740,Walkerville (M)
48340,0,1335,1338,1661,76,1737,575,10,585,569,0,569,288,0,288,87,0,87,3183,1421,4604,Wattle Range (DC)
48410,0,7650,7650,6791,976,7767,3053,345,3398,2757,141,2898,899,40,939,345,18,363,13845,9170,23015,West Torrens (C)
48540,0,2929,2929,2894,196,3090,1226,28,1254,1053,9,1062,427,0,427,177,0,177,5777,3162,8939,Whyalla (C)
65210,0,288,288,413,17,430,106,0,106,86,0,86,25,0,25,17,0,17,647,305,952,Tasman (M)
48640,0,152,152,153,4,157,66,3,69,63,0,63,27,0,27,16,0,16,325,159,484,Wudinna (DC)
48750,0,553,553,801,34,835,186,5,191,193,0,193,75,0,75,19,0,19,1274,592,1866,Yankalilla (DC)
48830,0,1482,1482,1965,65,2030,396,6,402,417,0,417,213,0,213,73,0,73,3064,1553,4617,Yorke Peninsula (DC)
49399,0,477,477,384,32,416,153,12,165,120,4,124,71,0,71,57,0,57,785,525,1310,Unincorporated SA
49499,0,0,0,0,0,0,0,0,0,0,0,0,0,0,0,0,0,0,0,0,0,
50080,0,3320,3320,4422,273,4695,1721,49,1770,1656,7,1663,708,3,711,363,3,366,8870,3655,12525,Albany (C)
51960,0,330,330,350,25,375,184,4,188,200,0,200,98,0,98,54,0,54,886,359,1245,Coolgardie (S)
52030,0,136,136,167,3,170,36,0,36,50,0,50,24,0,24,6,0,6,283,139,422,Coorow (S)
65410,0,1472,1472,1967,93,2060,705,9,714,668,6,674,328,0,328,127,0,127,3795,1580,5375,Waratah/Wynyard (M)
50210,0,4641,4641,7114,537,7651,3713,85,3798,3425,24,3449,1518,9,1527,898,3,901,16668,5299,21967,Armadale (C)
51680,0,248,248,575,21,596,219,3,222,254,0,254,127,0,127,60,0,60,1235,272,1507,Chittering (S)
52870,0,433,433,805,23,828,253,3,256,281,5,286,112,0,112,56,0,56,1507,464,1971,Donnybrook-Balingup (S)
51750,0,1146,1146,1142,110,1252,413,37,450,480,16,496,211,3,214,36,5,41,2282,1317,3599,Claremont (T)
51820,0,6437,6437,9757,795,10552,5474,223,5697,5852,71,5923,2287,23,2310,915,8,923,24285,7557,31842,Cockburn (C)
51890,0,884,884,1081,58,1139,501,9,510,445,0,445,201,0,201,99,0,99,2327,951,3278,Collie (S)
54200,0,3578,3578,6499,381,6880,3098,72,3170,3209,28,3237,1388,9,1397,607,3,610,14801,4071,18872,Kalamunda (S)
52100,0,145,145,173,5,178,41,0,41,43,0,43,25,0,25,8,0,8,290,150,440,Corrigin (S)
52170,0,769,769,850,104,954,341,39,380,404,21,425,197,0,197,52,3,55,1844,936,2780,Cottesloe (T)
52240,0,112,112,161,4,165,50,0,50,47,0,47,27,0,27,13,0,13,298,116,414,Cranbrook (S)
52310,0,78,78,135,4,139,33,0,33,55,0,55,18,0,18,11,0,11,252,82,334,Cuballing (S)
52380,0,46,46,34,0,34,8,0,8,5,0,5,4,0,4,5,0,5,56,46,102,Cue (S)
52450,0,128,128,184,10,194,59,3,62,59,0,59,27,0,27,11,0,11,340,141,481,Cunderdin (S)
52520,0,132,132,153,10,163,70,0,70,46,0,46,41,0,41,19,0,19,329,142,471,Dalwallinu (S)
52590,0,303,303,460,19,479,145,3,148,127,0,127,55,0,55,27,0,27,814,325,1139,Dandaragan (S)
52660,0,772,772,1494,89,1583,693,10,703,768,8,776,315,3,318,133,3,136,3403,885,4288,Dardanup (S)
52730,0,569,569,802,36,838,253,9,262,246,0,246,86,0,86,37,0,37,1424,614,2038,Denmark (S)
52940,0,77,77,115,5,120,33,0,33,21,0,21,20,0,20,9,0,9,198,82,280,Dowerin (S)
53010,0,78,78,100,3,103,29,0,29,23,0,23,18,0,18,6,0,6,176,81,257,Dumbleyung (S)
53080,0,124,124,120,9,129,43,0,43,38,0,38,13,0,13,7,0,7,221,133,354,Dundas (S)
53150,0,697,697,788,88,876,355,23,378,434,3,437,188,3,191,32,0,32,1797,814,2611,East Fremantle (T)
53430,0,3646,3646,3476,475,3951,1453,161,1614,1179,48,1227,418,14,432,146,7,153,6672,4351,11023,Fremantle (C)
53520,0,3254,3254,4194,319,4513,1953,56,2009,1914,9,1923,872,3,875,474,3,477,9407,3644,13051,Geraldton-Greenough (C)
53570,0,387,387,721,27,748,190,6,196,215,0,215,97,0,97,57,0,57,1280,420,1700,Gingin (S)
53640,0,141,141,151,10,161,47,0,47,65,0,65,40,0,40,22,0,22,325,151,476,Gnowangerup (S)
54280,0,2197,2197,2830,342,3172,1561,89,1650,1609,29,1638,790,11,801,415,0,415,7205,2668,9873,Kalgoorlie/Boulder (C)
53710,0,107,107,143,10,153,43,4,47,47,0,47,26,0,26,11,0,11,270,121,391,Goomalling (S)
54900,0,168,168,201,3,204,58,3,61,63,0,63,32,0,32,12,0,12,366,174,540,Lake Grace (S)
53780,0,7217,7217,10586,930,11516,6259,214,6473,6364,69,6433,2754,25,2779,1659,24,1683,27622,8479,36101,Gosnells (C)
53920,0,165,165,138,21,159,82,3,85,68,0,68,62,3,65,187,0,187,537,192,729,Halls Creek (S)
53990,0,1441,1441,2742,138,2880,1286,26,1312,1414,8,1422,623,4,627,245,0,245,6310,1617,7927,Harvey (S)
54060,0,318,318,511,26,537,165,3,168,176,3,179,98,0,98,27,0,27,977,350,1327,Irwin (S)
54130,0,110,110,124,9,133,57,0,57,56,0,56,28,0,28,3,0,3,268,119,387,Jerramungup (S)
54340,0,415,415,474,39,513,186,7,193,180,0,180,125,0,125,87,0,87,1052,461,1513,Katanning (S)
54410,0,121,121,151,7,158,50,0,50,62,0,62,27,0,27,17,0,17,307,128,435,Kellerberrin (S)
54480,0,49,49,79,0,79,17,0,17,34,0,34,25,0,25,0,0,0,155,49,204,Kent (S)
54550,0,189,189,292,12,304,95,0,95,108,0,108,37,0,37,18,0,18,550,201,751,Kojonup (S)
54620,0,97,97,120,5,125,32,0,32,49,0,49,24,0,24,11,0,11,236,102,338,Kondinin (S)
54690,0,52,52,62,6,68,23,0,23,20,0,20,6,0,6,6,0,6,117,58,175,Koorda (S)
54760,0,90,90,114,3,117,47,3,50,39,0,39,17,0,17,11,0,11,228,96,324,Kulin (S)
54970,0,77,77,58,6,64,28,0,28,12,0,12,10,0,10,20,0,20,128,83,211,Laverton (S)
56520,0,456,456,528,35,563,179,9,188,179,0,179,109,0,109,43,0,43,1038,500,1538,Narrogin (T)
55040,0,105,105,105,9,114,38,0,38,70,0,70,34,0,34,26,0,26,273,114,387,Leonora (S)
55110,0,6600,6600,10028,666,10694,3537,79,3616,3523,15,3538,1399,3,1402,609,0,609,19096,7363,26459,Mandurah (C)
55180,0,934,934,1271,56,1327,457,7,464,428,3,431,229,0,229,94,0,94,2479,1000,3479,Manjimup (S)
55250,0,103,103,85,9,94,38,0,38,20,0,20,18,0,18,26,0,26,187,112,299,Meekatharra (S)
55320,0,8455,8455,11084,851,11935,5422,308,5730,6138,157,6295,2327,65,2392,753,19,772,25724,9855,35579,Melville (C)
56580,0,1426,1426,1941,144,2085,1060,79,1139,1438,40,1478,675,16,691,194,9,203,5308,1714,7022,Nedlands (C)
56620,0,89,89,64,6,70,43,3,46,39,0,39,32,0,32,70,0,70,248,98,346,Ngaanyatjarraku (S)
55390,0,30,30,15,0,15,10,0,10,7,0,7,4,0,4,14,0,14,50,30,80,Menzies (S)
55460,0,362,362,414,25,439,164,0,164,135,0,135,77,3,80,36,0,36,826,390,1216,Merredin (S)
55530,0,55,55,63,0,63,24,0,24,24,0,24,11,0,11,7,0,7,129,55,184,Mingenew (S)
55600,0,219,219,312,23,335,127,5,132,111,0,111,54,0,54,45,0,45,649,247,896,Moora (S)
55670,0,91,91,88,7,95,38,0,38,42,0,42,19,0,19,12,0,12,199,98,297,Morawa (S)
56930,0,100,100,159,9,168,58,5,63,86,0,86,45,0,45,26,0,26,374,114,488,Peppermint Grove (S)
55740,0,1138,1138,925,127,1052,411,31,442,467,15,482,192,0,192,53,0,53,2048,1311,3359,Mosman Park (T)
55810,0,66,66,44,7,51,41,0,41,13,0,13,8,0,8,15,0,15,121,73,194,Mount Magnet (S)
55880,0,49,49,70,4,74,23,0,23,28,0,28,9,0,9,6,0,6,136,53,189,Mount Marshall (S)
57080,0,3038,3038,2522,548,3070,594,130,724,206,47,253,40,19,59,12,4,16,3374,3786,7160,Perth (C)
55950,0,53,53,91,0,91,26,0,26,26,0,26,12,0,12,0,0,0,155,53,208,Mukinbudin (S)
57140,0,113,113,187,10,197,59,0,59,43,0,43,29,0,29,10,0,10,328,123,451,Pingelly (S)
57210,0,432,432,727,28,755,247,0,247,222,0,222,100,0,100,48,0,48,1344,460,1804,Plantagenet (S)
57280,0,740,740,1038,145,1183,608,43,651,599,15,614,326,3,329,200,0,200,2771,946,3717,Port Hedland (T)
57350,0,120,120,173,14,187,35,0,35,46,0,46,17,0,17,15,0,15,286,134,420,Quairading (S)
57420,0,201,201,260,12,272,71,0,71,96,0,96,57,0,57,20,0,20,504,213,717,Ravensthorpe (S)
57490,0,7426,7426,11449,831,12280,5792,136,5928,6488,23,6511,2731,7,2738,1275,3,1278,27735,8426,36161,Rockingham (C)
57560,0,921,921,1453,173,1626,838,57,895,1102,15,1117,447,4,451,269,6,275,4109,1176,5285,Roebourne (S)
56160,0,6,6,15,0,15,3,0,3,7,0,7,3,0,3,0,0,0,28,6,34,Murchison (S)
56230,0,1191,1191,1994,92,2086,670,10,680,744,0,744,321,0,321,152,0,152,3881,1293,5174,Murray (S)
56300,0,147,147,223,14,237,50,0,50,42,0,42,29,0,29,12,0,12,356,161,517,Nannup (S)
61410,0,5144,5144,6858,360,7218,3112,59,3171,2835,13,2848,1034,0,1034,428,0,428,14267,5576,19843,Clarence (C)
61510,0,921,921,1248,53,1301,570,4,574,556,9,565,205,0,205,104,3,107,2683,990,3673,Derwent Valley (M)
61610,0,2828,2828,3408,224,3632,1333,39,1372,1220,9,1229,464,0,464,236,0,236,6661,3100,9761,Devonport (C)
61810,0,795,795,1019,39,1058,298,4,302,317,0,317,150,0,150,75,0,75,1859,838,2697,Dorset (M)
62010,0,118,118,147,10,157,42,3,45,18,0,18,6,0,6,0,0,0,213,131,344,Flinders (M)
62210,0,686,686,960,60,1020,364,0,364,297,0,297,172,0,172,65,0,65,1858,746,2604,George Town (M)
62410,0,531,531,742,42,784,155,4,159,150,0,150,70,0,70,25,0,25,1142,577,1719,Glamorgan/Spring Bay (M)
62610,0,6031,6031,5536,507,6043,2709,53,2762,2126,21,2147,850,5,855,455,3,458,11676,6620,18296,Glenorchy (C)
56370,0,87,87,141,0,141,41,0,41,30,0,30,18,0,18,5,0,5,235,87,322,Narembeen (S)
56450,0,45,45,110,8,118,49,0,49,47,0,47,17,0,17,8,0,8,231,53,284,Narrogin (S)
63010,0,1431,1431,2173,128,2301,804,13,817,731,0,731,354,0,354,177,0,177,4239,1572,5811,Huon Valley (M)
63210,0,486,486,866,46,912,318,5,323,316,0,316,132,0,132,75,0,75,1707,537,2244,Kentish (M)
63410,0,238,238,254,16,270,74,4,78,53,0,53,31,0,31,9,0,9,421,258,679,King Island (M)
63610,0,2859,2859,4447,223,4670,1937,35,1972,2025,11,2036,770,0,770,332,0,332,9511,3128,12639,Kingborough (M)
63810,0,953,953,1446,59,1505,496,4,500,534,0,534,216,0,216,71,0,71,2763,1016,3779,Latrobe (M)
64010,0,7853,7853,7935,850,8785,3527,252,3779,3137,90,3227,1240,17,1257,522,11,533,16361,9073,25434,Launceston (C)
64210,0,1938,1938,2554,116,2670,1050,17,1067,1037,4,1041,442,0,442,168,0,168,5251,2075,7326,Meander Valley (M)
64610,0,1213,1213,1765,78,1843,653,3,656,648,3,651,244,0,244,141,0,141,3451,1297,4748,Northern Midlands (M)
64810,0,1353,1353,1793,104,1897,835,7,842,656,0,656,262,0,262,122,0,122,3668,1464,5132,Sorell (M)
65010,0,559,559,790,33,823,350,3,353,309,0,309,138,0,138,74,0,74,1661,595,2256,Southern Midlands (M)
56730,0,985,985,1318,86,1404,493,9,502,497,4,501,246,0,246,138,0,138,2692,1084,3776,Northam (S)
56790,0,352,352,527,20,547,138,0,138,135,0,135,71,0,71,27,0,27,898,372,1270,Northampton (S)
56860,0,29,29,33,3,36,7,0,7,6,0,6,3,0,3,7,0,7,56,32,88,Nungarin (S)
57000,0,40,40,70,6,76,23,0,23,38,0,38,14,0,14,3,0,3,148,46,194,Perenjori (S)
57630,0,15,15,20,0,20,3,0,3,6,0,6,0,0,0,0,0,0,29,15,44,Sandstone (S)
57700,0,718,718,1862,91,1953,986,15,1001,1130,3,1133,522,0,522,317,0,317,4817,827,5644,Serpentine-Jarrahdale (S)
57770,0,118,118,136,13,149,37,0,37,29,0,29,10,0,10,5,0,5,217,131,348,Shark Bay (S)
57840,0,5160,5160,5148,756,5904,2022,262,2284,1927,75,2002,681,10,691,202,14,216,9980,6277,16257,South Perth (C)
57910,0,23281,23281,23643,2955,26598,10683,893,11576,10105,228,10333,3809,71,3880,1624,26,1650,49864,27454,77318,Stirling (C)
57980,0,2756,2756,2169,393,2562,818,184,1002,795,45,840,240,10,250,49,0,49,4071,3388,7459,Subiaco (C)
58050,0,7018,7018,10639,802,11441,6422,143,6565,6953,43,6996,2933,10,2943,1573,4,1577,28520,8020,36540,Swan (C)
58190,0,44,44,44,5,49,21,0,21,14,0,14,18,0,18,4,0,4,101,49,150,Tammin (S)
58260,0,76,76,91,6,97,28,0,28,28,0,28,11,0,11,9,0,9,167,82,249,Three Springs (S)
65610,0,670,670,620,43,663,252,9,261,208,3,211,87,0,87,38,0,38,1205,725,1930,West Coast (M)
65810,0,1940,1940,3056,155,3211,1137,15,1152,1245,8,1253,507,0,507,197,0,197,6142,2118,8260,West Tamar (M)
69399,0,0,0,0,0,0,0,0,0,0,0,0,0,0,0,0,0,0,0,0,0,
69499,0,0,0,0,0,0,0,0,0,0,0,0,0,0,0,0,0,0,0,0,0,
70200,0,2145,2145,2268,376,2644,1294,117,1411,1181,35,1216,595,8,603,379,3,382,5717,2684,8401,Alice Springs (T)
58330,0,367,367,700,21,721,232,5,237,176,0,176,84,3,87,55,0,55,1247,396,1643,Toodyay (S)
72800,0,1543,1543,2374,331,2705,1602,82,1684,1684,24,1708,756,11,767,405,3,408,6821,1994,8815,Palmerston (C)
73600,0,197,197,184,26,210,79,0,79,104,5,109,92,0,92,384,3,387,843,231,1074,Roper Gulf (S)
74050,0,81,81,96,3,99,77,3,80,85,0,85,73,0,73,143,0,143,474,87,561,Tiwi Islands (S)
58400,0,44,44,54,3,57,9,0,9,15,0,15,12,0,12,4,0,4,94,47,141,Trayning (S)
74500,0,234,234,192,31,223,108,0,108,132,3,135,102,0,102,366,0,366,900,268,1168,Victoria-Daly (S)
58470,0,23,23,19,0,19,11,0,11,3,0,3,5,0,5,11,0,11,49,23,72,Upper Gascoyne (S)
58510,0,4425,4425,3980,705,4685,1700,296,1996,1257,101,1358,408,29,437,166,21,187,7511,5577,13088,Victoria Park (T)
58540,0,108,108,104,11,115,43,3,46,49,0,49,24,0,24,7,0,7,227,122,349,Victoria Plains (S)
74560,0,53,53,69,4,73,18,0,18,13,0,13,5,0,5,0,0,0,105,57,162,Wagait (S)
58570,0,4132,4132,3838,800,4638,1595,362,1957,1342,151,1493,404,33,437,126,27,153,7305,5505,12810,Vincent (T)
58610,0,220,220,271,12,283,81,0,81,78,0,78,41,0,41,25,0,25,496,232,728,Wagin (S)
58680,0,24,24,72,3,75,27,0,27,23,0,23,11,0,11,5,0,5,138,27,165,Wandering (S)
58760,0,8231,8231,14638,935,15573,8770,185,8955,10333,48,10381,4381,17,4398,2330,9,2339,40452,9425,49877,Wanneroo (C)
58820,0,336,336,500,18,518,168,3,171,184,4,188,91,0,91,36,0,36,979,361,1340,Waroona (S)
58890,0,90,90,140,5,145,47,0,47,42,0,42,22,0,22,6,0,6,257,95,352,West Arthur (S)
74660,0,195,195,176,15,191,117,3,120,94,0,94,67,0,67,361,0,361,815,213,1028,West Arnhem (S)
79399,0,602,602,604,71,675,326,7,333,364,6,370,166,0,166,77,0,77,1537,686,2223,Unincorporated NT
79499,0,0,0,0,0,0,0,0,0,0,0,0,0,0,0,0,0,0,0,0,0,
89399,0,30248,30248,39258,4506,43764,20708,1871,22579,20836,622,21458,8028,141,8169,3148,59,3207,91978,37447,129425,Unincorporated ACT
89499,0,0,0,0,0,0,0,0,0,0,0,0,0,0,0,0,0,0,0,0,0,
99399,0,137,137,198,13,211,139,4,143,92,0,92,62,0,62,48,0,48,539,154,693,Unincorp. Other Territories
99499,0,0,0,0,0,0,0,0,0,0,0,0,0,0,0,0,0,0,0,0,0,
59030,0,29,29,35,3,38,9,0,9,14,0,14,9,0,9,0,0,0,67,32,99,Westonia (S)
59100,0,78,78,110,5,115,39,0,39,30,0,30,15,0,15,11,0,11,205,83,288,Wickepin (S)
59170,0,88,88,161,6,167,47,3,50,33,0,33,24,0,24,5,0,5,270,97,367,Williams (S)
59310,0,170,170,184,14,198,82,0,82,63,3,66,27,0,27,20,0,20,376,187,563,Wongan-Ballidu (S)
59340,0,555,555,686,95,781,269,22,291,287,7,294,144,6,150,193,0,193,1579,685,2264,Wyndham-East Kimberley (S)
59350,0,14,14,18,0,18,9,0,9,7,0,7,3,0,3,5,0,5,42,14,56,Yalgoo (S)
59360,0,144,144,161,3,164,64,0,64,66,0,66,25,0,25,10,3,13,326,150,476,Yilgarn (S)
59370,0,349,349,541,27,568,148,0,148,160,0,160,74,0,74,30,0,30,953,376,1329,York (S)
59399,0,0,0,0,0,0,0,0,0,0,0,0,0,0,0,0,0,0,0,0,0,
59499,0,0,0,0,0,0,0,0,0,0,0,0,0,0,0,0,0,0,0,0,0,
60210,0,847,847,1014,50,1064,289,6,295,245,0,245,92,0,92,41,0,41,1681,903,2584,Break O'Day (M)
60410,0,1056,1056,1709,105,1814,982,13,995,881,0,881,414,0,414,184,0,184,4170,1174,5344,Brighton (M)
60610,0,2215,2215,2567,163,2730,1102,26,1128,965,5,970,385,4,389,185,0,185,5204,2413,7617,Burnie (C)
60810,0,2220,2220,3041,127,3168,1147,19,1166,1112,6,1118,437,0,437,177,0,177,5914,2372,8286,Central Coast (M)
61010,0,270,270,364,16,380,98,0,98,99,0,99,41,0,41,20,0,20,622,286,908,Central Highlands (M)
61210,0,768,768,1038,38,1076,393,8,401,416,0,416,206,3,209,102,0,102,2155,817,2972,Circular Head (M)
70420,0,352,352,359,44,403,149,11,160,156,4,160,114,0,114,340,3,343,1118,414,1532,Barkly (S)
70540,0,7,7,4,0,4,8,0,8,0,0,0,9,0,9,9,0,9,30,7,37,Belyuen (S)
70620,0,97,97,117,10,127,72,0,72,85,0,85,63,3,66,219,0,219,556,110,666,Central Desert (S)
70700,0,144,144,130,17,147,42,0,42,37,0,37,15,0,15,14,0,14,238,161,399,Coomalie (S)
71000,0,5630,5630,7007,1301,8308,3846,435,4281,3435,133,3568,1501,41,1542,907,13,920,16696,7553,24249,Darwin (C)
71300,0,134,134,143,13,156,79,3,82,86,0,86,96,0,96,644,4,648,1048,154,1202,East Arnhem (S)
72200,0,647,647,827,79,906,402,25,427,410,3,413,222,0,222,171,3,174,2032,757,2789,Katherine (T)
72300,0,1047,1047,1677,157,1834,953,22,975,984,7,991,433,3,436,299,0,299,4346,1236,5582,Litchfield (M)
72330,0,210,210,157,16,173,111,4,115,111,3,114,95,0,95,298,0,298,772,233,1005,MacDonnell (S)
