lga_code11,lga_name11,_2006_07_arrivals_num,_2006_07_departures_num,_2006_07_net_num,_2007_08_arrivals_num,_2007_08_departures_num,_2007_08_net_num,_2008_09_arrivals_num,_2008_09_departures_num,_2008_09_net_num,_2009_10_arrivals_num,_2009_10_departures_num,_2009_10_net_num,_2010_11_arrivals_num,_2010_11_departures_num,_2010_11_net_num,_2011_12_arrivals_num,_2011_12_departures_num,_2011_12_net_num,_2012_13_arrivals_num,_2012_13_departures_num,_2012_13_net_num,_2013_14_arrivals_num,_2013_14_departures_num,_2013_14_net_num,_2014_15_arrivals_num,_2014_15_departures_num,_2014_15_net_num,_2015_16_arrivals_num,_2015_16_departures_num,_2015_16_net_num,state_code
10050,Albury (C),3535,3601,-66,3531,3494,37,3481,3551,-70,3330,3300,30,3286,3186,100,3203,3472,-269,3128,3215,-87,3279,3174,105,3200,3134,66,3564,3452,112,1
10110,Armidale Dumaresq (A),1966,2044,-78,2039,1844,195,2006,2013,-7,1906,1927,-21,1849,1879,-30,1816,1936,-120,1689,1764,-75,1432,1788,-356,1580,1812,-232,1669,1802,-133,1
10150,Ashfield (A),3743,4331,-588,3882,4805,-923,4194,5282,-1088,4073,4830,-757,3831,4636,-805,3735,4609,-874,3708,4411,-703,3654,4801,-1147,3682,4569,-887,3912,4732,-820,1
10200,Auburn (C),5215,6068,-853,5496,6623,-1127,5881,7599,-1718,5619,7243,-1624,5992,6925,-933,6072,6975,-903,6519,7269,-750,6948,8241,-1293,6905,8025,-1120,6758,9095,-2337,1
10250,Ballina (A),3909,3362,547,3819,3305,514,3678,3349,329,3278,3131,147,3059,3091,-32,3260,2997,263,3141,2826,315,3072,2772,300,3188,2955,233,3606,2860,746,1
10300,Balranald (A),124,212,-88,178,230,-52,132,181,-49,138,162,-24,85,140,-55,115,140,-25,122,142,-20,152,121,31,104,134,-30,120,160,-40,1
10350,Bankstown (C),10877,11269,-392,10687,11606,-919,12328,12799,-471,11742,12150,-408,11591,11928,-337,10938,11961,-1023,11336,12471,-1135,12696,13484,-788,11878,13549,-1671,12022,13648,-1626,1
10470,Bathurst Regional (A),2373,2337,36,2569,2251,318,2608,2264,344,2461,2067,394,2231,2060,171,2388,2283,105,2231,2086,145,2287,2204,83,2350,1981,369,2524,2180,344,1
10550,Bega Valley (A),2288,2254,34,2180,2304,-124,2026,2055,-29,2142,1731,411,2049,1977,72,2055,1909,146,1971,1868,103,1919,1726,193,1774,1610,164,2046,1770,276,1
10600,Bellingen (A),1147,1126,21,1094,1187,-93,937,1147,-210,968,1047,-79,944,1040,-96,870,935,-65,898,956,-58,1048,926,122,961,879,82,1008,979,29,1
10650,Berrigan (A),661,783,-122,556,614,-58,592,631,-39,584,535,49,545,538,7,620,555,65,531,498,33,588,525,63,568,532,36,577,597,-20,1
10750,Blacktown (C),15543,17928,-2385,16871,18756,-1885,19248,20113,-865,18666,18880,-214,18709,19438,-729,18225,19934,-1709,18574,19643,-1069,19719,20690,-971,19608,20898,-1290,21796,22699,-903,1
10800,Bland (A),404,458,-54,341,537,-196,354,422,-68,317,375,-58,357,367,-10,389,355,34,268,373,-105,299,363,-64,289,336,-47,332,386,-54,1
10850,Blayney (A),464,492,-28,491,586,-95,581,524,57,461,445,16,502,477,25,530,567,-37,472,497,-25,500,473,27,427,446,-19,495,451,44,1
10900,Blue Mountains (C),4422,4782,-360,4643,4777,-134,4945,4687,258,4410,4548,-138,4428,4636,-208,4234,4536,-302,4320,4379,-59,4486,4374,112,4422,4370,52,4502,4621,-119,1
10950,Bogan (A),268,283,-15,213,324,-111,228,304,-76,275,251,24,205,268,-63,247,251,-4,170,219,-49,191,200,-9,198,202,-4,163,250,-87,1
11000,Bombala (A),160,167,-7,167,225,-58,159,198,-39,143,187,-44,123,180,-57,141,211,-70,139,149,-10,145,144,1,169,138,31,151,161,-10,1
11050,Boorowa (A),174,207,-33,211,215,-4,196,198,-2,165,136,29,212,175,37,237,157,80,180,180,0,159,138,21,180,165,15,128,151,-23,1
11100,Botany Bay (C),3009,3235,-226,3383,3486,-103,3818,3535,283,3689,3518,171,3516,3524,-8,3543,3638,-95,3711,3578,133,4087,3680,407,4380,3817,563,4731,3789,942,1
11150,Bourke (A),219,421,-202,247,355,-108,275,411,-136,244,331,-87,265,294,-29,196,260,-64,205,253,-48,205,312,-107,200,339,-139,193,321,-128,1
11200,Brewarrina (A),201,244,-43,225,234,-9,162,245,-83,136,228,-92,167,221,-54,146,200,-54,204,174,30,136,205,-69,170,205,-35,126,196,-70,1
12350,Cowra (A),831,1061,-230,883,1050,-167,806,982,-176,805,968,-163,795,897,-102,843,741,102,768,840,-72,778,803,-25,702,730,-28,810,749,61,1
20570,Ballarat (C),5245,5240,5,5521,4969,552,6216,5325,891,5835,4780,1055,6258,5076,1182,5641,4873,768,5898,5031,867,5553,4883,670,5159,4797,362,6096,4977,1119,2
20660,Banyule (C),9180,9379,-199,9269,9795,-526,9214,9634,-420,8500,9434,-934,8394,9534,-1140,8087,9356,-1269,8299,9056,-757,8195,9192,-997,7971,8668,-697,8793,9530,-737,2
20740,Bass Coast (S),2509,1905,604,2537,1857,680,2492,2018,474,2745,1995,750,2710,2090,620,2272,2211,61,2366,1970,396,2596,1968,628,2452,1852,600,2773,1910,863,2
20830,Baw Baw (S),2722,2265,457,2829,2273,556,2900,2218,682,3268,2052,1216,3202,2203,999,3048,2170,878,2976,2292,684,2987,2370,617,2972,2251,721,3614,2605,1009,2
20910,Bayside (C),7332,7546,-214,7513,7634,-121,6984,7304,-320,6822,7169,-347,6687,6719,-32,6684,6916,-232,6430,6570,-140,6934,6552,382,6697,6442,255,7654,7097,557,2
21010,Benalla (RC),988,1164,-176,985,1195,-210,998,899,99,836,992,-156,912,781,131,896,972,-76,874,912,-38,831,870,-39,829,870,-41,893,917,-24,2
21110,Boroondara (C),13330,14652,-1322,13190,14947,-1757,13155,14559,-1404,12311,14039,-1728,12107,13526,-1419,12068,13317,-1249,12098,13129,-1031,12249,13126,-877,12005,13219,-1214,12946,14382,-1436,2
11250,Broken Hill (C),1151,1217,-66,1113,1279,-166,918,1336,-418,789,1080,-291,983,1024,-41,912,959,-47,824,983,-159,778,862,-84,723,938,-215,698,1065,-367,1
12300,Corowa Shire (A),1010,1142,-132,845,999,-154,713,816,-103,837,846,-9,766,813,-47,796,829,-33,708,740,-32,832,821,11,766,713,53,850,884,-34,1
12500,Deniliquin (A),529,596,-67,402,563,-161,371,599,-228,325,481,-156,393,404,-11,446,479,-33,446,406,40,357,366,-9,370,375,-5,351,438,-87,1
12600,Dubbo (C),2624,2960,-336,2643,2938,-295,2619,3008,-389,2721,2690,31,2640,2611,29,2663,2567,96,2279,2422,-143,2463,2367,96,2297,2573,-276,2512,2720,-208,1
12700,Dungog (A),610,710,-100,678,669,9,722,634,88,698,684,14,769,653,116,712,580,132,806,597,209,787,614,173,688,607,81,740,632,108,1
12750,Eurobodalla (A),2568,2729,-161,2676,2675,1,2801,2710,91,2613,2337,276,2426,2315,111,2393,2348,45,2412,2182,230,2584,2242,342,2568,2163,405,2562,2269,293,1
12850,Fairfield (C),8153,10634,-2481,8827,10819,-1992,9574,11871,-2297,9110,11076,-1966,9014,11378,-2364,8691,11059,-2368,9071,11291,-2220,9550,12492,-2942,9122,12263,-3141,9482,12284,-2802,1
12900,Forbes (A),590,631,-41,472,750,-278,625,640,-15,454,599,-145,604,556,48,588,560,28,597,492,105,511,492,19,565,554,11,472,520,-48,1
11300,Burwood (A),2858,3194,-336,3031,3672,-641,3262,3938,-676,2944,3875,-931,3042,3522,-480,2901,3529,-628,2949,3510,-561,3019,3648,-629,2754,3656,-902,2907,3713,-806,1
11350,Byron (A),2533,2791,-258,2876,2883,-7,2902,2794,108,2408,2572,-164,2339,2498,-159,2518,2417,101,2634,2322,312,2522,2316,206,2721,2404,317,2952,2597,355,1
11400,Cabonne (A),994,1056,-62,987,1079,-92,956,1079,-123,925,995,-70,960,1019,-59,1115,951,164,870,842,28,870,896,-26,797,841,-44,811,882,-71,1
11450,Camden (A),4498,3829,669,4464,3831,633,4919,3973,946,4883,4008,875,5396,3957,1439,5175,3906,1269,5197,3725,1472,5968,3857,2111,6522,4035,2487,7246,4361,2885,1
11500,Campbelltown (C),7715,9711,-1996,8218,9536,-1318,9168,10201,-1033,8430,9843,-1413,8625,9828,-1203,8329,9727,-1398,8391,9646,-1255,9222,10124,-902,10068,10025,43,10672,10495,177,1
11520,Canada Bay (A),6382,5886,496,6802,6399,403,7478,6561,917,7494,6629,865,7367,6984,383,6998,6710,288,7230,6810,420,7687,7488,199,7210,7532,-322,7372,7729,-357,1
11550,Canterbury (C),8892,10708,-1816,9273,11268,-1995,10225,12500,-2275,9624,11916,-2292,9162,11821,-2659,8777,11381,-2604,9154,11400,-2246,9783,12415,-2632,9074,12208,-3134,9518,12698,-3180,1
11600,Carrathool (A),183,228,-45,222,251,-29,166,229,-63,140,221,-81,168,212,-44,167,179,-12,132,176,-44,152,172,-20,156,193,-37,162,210,-48,1
11700,Central Darling (A),221,244,-23,211,276,-65,194,212,-18,198,223,-25,176,219,-43,167,175,-8,174,217,-43,183,214,-31,184,225,-41,172,192,-20,1
11720,Cessnock (C),3477,3255,222,3447,3381,66,3697,3410,287,3629,3297,332,3936,3281,655,3931,3320,611,3827,3558,269,3884,3536,348,3799,3270,529,3994,3635,359,1
11730,Clarence Valley (A),3520,3037,483,3484,3168,316,3244,3025,219,3162,2810,352,2890,2724,166,2853,2857,-4,2543,2654,-111,2735,2854,-119,2794,2639,155,3253,2872,381,1
11750,Cobar (A),475,560,-85,423,491,-68,358,534,-176,362,448,-86,343,476,-133,361,433,-72,402,348,54,376,397,-21,328,417,-89,349,415,-66,1
11800,Coffs Harbour (C),5185,4822,363,5379,5006,373,5336,5086,250,5212,4610,602,4933,4768,165,4449,4619,-170,4265,4362,-97,4357,4447,-90,4376,4093,283,4975,4397,578,1
11860,Conargo (A),128,152,-24,109,138,-29,103,140,-37,83,105,-22,73,99,-26,98,95,3,92,102,-10,80,75,5,78,88,-10,81,93,-12,1
12000,Coolamon (A),306,342,-36,319,366,-47,305,351,-46,289,334,-45,263,310,-47,315,291,24,273,286,-13,311,304,7,264,277,-13,307,247,60,1
12050,Cooma-Monaro (A),669,836,-167,870,797,73,741,810,-69,730,775,-45,825,782,43,805,714,91,699,761,-62,695,711,-16,614,731,-117,702,739,-37,1
12150,Coonamble (A),250,371,-121,251,341,-90,257,360,-103,271,339,-68,269,320,-51,308,305,3,258,260,-2,296,324,-28,233,278,-45,233,331,-98,1
12200,Cootamundra (A),479,609,-130,563,645,-82,495,529,-34,440,555,-115,470,453,17,523,452,71,442,435,7,516,403,113,405,430,-25,410,441,-31,1
12950,Gilgandra (A),321,441,-120,334,340,-6,347,384,-37,362,393,-31,288,364,-76,295,334,-39,288,310,-22,294,363,-69,236,343,-107,246,297,-51,1
13010,Glen Innes Severn (A),650,794,-144,601,718,-117,613,623,-10,634,620,14,532,618,-86,581,613,-32,482,539,-57,628,576,52,572,535,37,614,632,-18,1
13050,Gloucester (A),311,320,-9,378,424,-46,314,306,8,355,312,43,365,345,20,328,351,-23,299,347,-48,315,226,89,376,241,135,344,315,29,1
13100,Gosford (C),9567,9763,-196,9714,9410,304,10521,9669,852,10079,9196,883,9718,9454,264,9785,9194,591,9598,9072,526,9903,9163,740,10125,9131,994,9669,9775,-106,1
13310,Goulburn Mulwaree (A),1675,1795,-120,1818,1729,89,1870,1652,218,1855,1597,258,1948,1680,268,1997,1714,283,1823,1613,210,1815,1638,177,1822,1630,192,1977,1692,285,1
13320,Great Lakes (A),2824,2738,86,2925,2744,181,3160,2771,389,3016,2557,459,2817,2562,255,2770,2416,354,2772,2273,499,2703,2399,304,2658,2232,426,3090,2484,606,1
13340,Greater Hume Shire (A),748,757,-9,702,796,-94,759,825,-66,664,721,-57,594,715,-121,637,639,-2,630,637,-7,643,643,0,668,644,24,703,709,-6,1
13380,Greater Taree (C),3290,3251,39,3147,3186,-39,3300,3212,88,2991,2977,14,3419,2977,442,3281,3031,250,3078,2594,484,2959,2872,87,3099,2710,389,3506,3012,494,1
13450,Griffith (C),1324,1558,-234,1270,1547,-277,1194,1506,-312,1174,1474,-300,1096,1395,-299,1046,1321,-275,1005,1397,-392,1175,1255,-80,1032,1294,-262,1169,1442,-273,1
13500,Gundagai (A),199,244,-45,233,301,-68,219,277,-58,200,219,-19,243,245,-2,178,188,-10,207,243,-36,214,223,-9,214,225,-11,221,271,-50,1
13550,Gunnedah (A),917,886,31,815,922,-107,851,892,-41,980,880,100,860,891,-31,945,947,-2,746,855,-109,864,832,32,855,836,19,926,803,123,1
13650,Guyra (A),375,395,-20,380,387,-7,379,383,-4,336,368,-32,325,317,8,388,373,15,336,335,1,287,336,-49,313,323,-10,292,341,-49,1
13660,Gwydir (A),325,457,-132,314,424,-110,335,381,-46,330,331,-1,311,335,-24,356,331,25,320,342,-22,273,309,-36,364,295,69,342,381,-39,1
13700,Harden (A),288,314,-26,272,401,-129,308,331,-23,349,292,57,284,285,-1,285,282,3,223,242,-19,204,220,-16,188,199,-11,229,213,16,1
13800,Hawkesbury (C),4151,4516,-365,4214,4539,-325,4285,4598,-313,4272,4416,-144,4414,4162,252,4029,4270,-241,4382,4246,136,4454,4434,20,4450,4308,142,4759,4601,158,1
13850,Hay (A),130,255,-125,161,271,-110,157,266,-109,181,240,-59,177,229,-52,165,202,-37,145,213,-68,191,185,6,181,181,0,169,240,-71,1
13950,Holroyd (C),7992,8571,-579,8488,9071,-583,9175,10055,-880,8808,9598,-790,8786,9563,-777,8688,9734,-1046,8585,9430,-845,9173,10503,-1330,8483,10212,-1729,9253,11438,-2185,1
14000,Hornsby (A),10496,11567,-1071,11121,11727,-606,11362,12267,-905,11110,11551,-441,11127,11956,-829,10928,11742,-814,10879,11571,-692,11420,11684,-264,11321,11901,-580,11461,12814,-1353,1
14100,Hunters Hill (A),1256,1142,114,1154,1194,-40,1102,1061,41,1153,1147,6,1171,1192,-21,1154,1034,120,1224,1026,198,1137,1124,13,1120,1058,62,1185,1108,77,1
14150,Hurstville (C),5752,6107,-355,6138,6637,-499,6593,7188,-595,6179,6857,-678,6003,6750,-747,5834,6425,-591,5742,6434,-692,6184,7128,-944,5778,6941,-1163,5888,7104,-1216,1
14200,Inverell (A),1089,1155,-66,1204,1136,68,1206,1141,65,1128,1141,-13,985,1066,-81,1204,1133,71,1148,1094,54,1110,1041,69,1102,1032,70,1104,1023,81,1
14250,Jerilderie (A),100,155,-55,98,141,-43,133,152,-19,95,109,-14,85,102,-17,110,146,-36,82,146,-64,120,101,19,114,93,21,119,118,1,1
14300,Junee (A),436,502,-66,576,544,32,514,520,-6,617,573,44,598,539,59,538,541,-3,555,519,36,619,611,8,538,564,-26,604,549,55,1
14350,Kempsey (A),2005,2086,-81,1909,1886,23,2039,1961,78,1971,2000,-29,1794,1902,-108,1739,1841,-102,1721,1809,-88,1828,1753,75,1689,1680,9,1857,1845,12,1
14400,Kiama (A),1488,1406,82,1493,1521,-28,1535,1392,143,1550,1353,197,1535,1327,208,1428,1434,-6,1437,1276,161,1414,1315,99,1489,1321,168,1470,1359,111,1
14450,Kogarah (C),4580,5028,-448,5179,5464,-285,5524,5960,-436,5273,5694,-421,4962,5484,-522,4854,5360,-506,4636,5492,-856,4808,5666,-858,4601,5461,-860,4623,5690,-1067,1
14500,Ku-ring-gai (A),7049,7402,-353,7398,7375,23,7906,7299,607,8263,7252,1011,8306,7499,807,8003,7353,650,8366,7349,1017,8578,8330,248,8676,8521,155,8649,8940,-291,1
14550,Kyogle (A),809,915,-106,880,928,-48,893,910,-17,696,792,-96,749,746,3,698,733,-35,624,671,-47,631,692,-61,691,694,-3,728,761,-33,1
14600,Lachlan (A),358,566,-208,404,470,-66,377,507,-130,354,450,-96,363,390,-27,415,432,-17,359,383,-24,408,421,-13,370,367,3,356,401,-45,1
14650,Lake Macquarie (C),10900,11216,-316,10782,10935,-153,11878,11379,499,11204,10520,684,11157,10357,800,11317,10493,824,11116,9875,1241,11195,10359,836,11041,10159,882,11685,10680,1005,1
14700,Lane Cove (A),3152,3388,-236,3308,3517,-209,3344,3464,-120,3447,3432,15,3354,3429,-75,3130,3468,-338,3084,3372,-288,3483,3300,183,3443,3358,85,4096,3685,411,1
14750,Leeton (A),597,732,-135,649,792,-143,673,826,-153,645,711,-66,548,679,-131,523,568,-45,613,625,-12,481,580,-99,528,580,-52,637,686,-49,1
14800,Leichhardt (A),5786,6026,-240,6001,6324,-323,5979,6156,-177,5773,6008,-235,5780,5928,-148,5565,5745,-180,5178,5402,-224,5768,5617,151,5506,5596,-90,5955,5871,84,1
14850,Lismore (C),3629,3779,-150,3775,3772,3,3431,3662,-231,3214,3539,-325,3164,3391,-227,3171,3268,-97,2886,3034,-148,2919,3130,-211,3099,2997,102,3319,3374,-55,1
14870,Lithgow (C),1046,1113,-67,1152,1189,-37,1210,1311,-101,1096,1172,-76,1054,1096,-42,1120,1114,6,1073,1034,39,1218,1194,24,1206,1045,161,1272,1272,0,1
14900,Liverpool (C),11349,12558,-1209,11501,12580,-1079,13107,13743,-636,12484,12914,-430,12201,13238,-1037,12249,13062,-813,12475,13179,-704,14384,13724,660,14302,13609,693,15151,13953,1198,1
14920,Liverpool Plains (A),543,525,18,524,553,-29,570,541,29,528,564,-36,526,556,-30,542,531,11,503,593,-90,570,552,18,451,477,-26,529,573,-44,1
14950,Lockhart (A),249,279,-30,278,298,-20,288,355,-67,258,258,0,240,308,-68,228,221,7,235,242,-7,251,204,47,232,195,37,267,237,30,1
15050,Maitland (C),5778,5077,701,5580,5078,502,5571,5137,434,5441,5164,277,5778,5067,711,6116,4966,1150,5646,4842,804,5842,4962,880,5792,4677,1115,6318,5235,1083,1
15150,Manly (A),3462,3845,-383,3514,4131,-617,3725,3902,-177,3596,3892,-296,3703,3860,-157,3544,3855,-311,3490,3933,-443,3720,4062,-342,3508,3981,-473,3604,4017,-413,1
15200,Marrickville (A),7719,8436,-717,8271,8717,-446,8455,9379,-924,8167,8618,-451,7748,8497,-749,7636,8481,-845,7535,7954,-419,8068,8592,-524,7922,7960,-38,8144,8584,-440,1
15270,Mid-Western Regional (A),1540,1501,39,1469,1621,-152,1606,1562,44,1692,1360,332,1686,1446,240,2025,1458,567,1646,1608,38,1516,1477,39,1547,1448,99,1662,1523,139,1
15300,Moree Plains (A),931,1361,-430,913,1428,-515,969,1259,-290,984,1141,-157,1104,1281,-177,1177,1208,-31,889,1136,-247,833,1214,-381,646,1196,-550,746,1227,-481,1
15350,Mosman (A),3134,3278,-144,2973,3194,-221,3078,3252,-174,3009,3008,1,2774,3021,-247,2728,2973,-245,2773,2841,-68,2686,2862,-176,2635,2831,-196,2663,2959,-296,1
15500,Murray (A),864,699,165,787,674,113,707,746,-39,740,620,120,719,667,52,721,661,60,592,539,53,649,574,75,571,486,85,623,670,-47,1
15550,Murrumbidgee (A),204,251,-47,186,292,-106,177,238,-61,163,177,-14,191,198,-7,213,185,28,172,204,-32,188,176,12,158,188,-30,181,186,-5,1
15650,Muswellbrook (A),1306,1473,-167,1188,1531,-343,1351,1413,-62,1373,1310,63,1514,1518,-4,1509,1494,15,1305,1483,-178,1282,1361,-79,1394,1367,27,1449,1428,21,1
15700,Nambucca (A),1434,1438,-4,1453,1460,-7,1543,1451,92,1421,1271,150,1319,1285,34,1278,1283,-5,1308,1151,157,1407,1273,134,1371,1291,80,1506,1387,119,1
15750,Narrabri (A),885,1104,-219,859,1006,-147,972,924,48,877,1003,-126,891,891,0,929,996,-67,804,745,59,800,920,-120,761,871,-110,738,937,-199,1
15800,Narrandera (A),413,501,-88,368,488,-120,406,518,-112,352,410,-58,346,400,-54,327,393,-66,309,369,-60,295,402,-107,307,377,-70,370,382,-12,1
15850,Narromine (A),461,553,-92,492,531,-39,449,495,-46,424,486,-62,418,495,-77,445,484,-39,410,456,-46,373,472,-99,391,501,-110,431,491,-60,1
15900,Newcastle (C),11587,11104,483,11539,11139,400,11919,11447,472,11364,10939,425,11375,10458,917,11521,11018,503,10667,10664,3,11166,10814,352,10617,10550,67,11535,11116,419,1
15950,North Sydney (A),7972,8467,-495,8381,8575,-194,8497,8726,-229,8049,8412,-363,7657,8332,-675,7513,8257,-744,7341,7936,-595,7729,8052,-323,7915,7909,6,7723,8230,-507,1
16100,Oberon (A),307,430,-123,433,430,3,385,401,-16,425,385,40,358,383,-25,352,402,-50,399,398,1,477,462,15,433,446,-13,364,374,-10,1
16150,Orange (C),2616,2739,-123,2714,2602,112,2527,2794,-267,2596,2335,261,2969,2415,554,3041,2713,328,2434,2450,-16,2282,2380,-98,2445,2292,153,2611,2522,89,1
16180,Palerang (A),1493,1225,268,1622,1255,367,1466,1242,224,1469,1370,99,1392,1316,76,1412,1316,96,1379,1262,117,1360,1180,180,1377,1418,-41,1447,1345,102,1
16200,Parkes (A),943,1203,-260,978,1068,-90,1123,1194,-71,938,972,-34,1029,1024,5,972,1010,-38,755,930,-175,923,911,12,857,829,28,859,966,-107,1
16250,Parramatta (C),13430,14942,-1512,14733,16309,-1576,15706,17821,-2115,15618,16901,-1283,15139,16815,-1676,15383,17236,-1853,15789,17380,-1591,17018,18904,-1886,16276,18969,-2693,17211,20405,-3194,1
16350,Penrith (C),9783,10935,-1152,10601,11189,-588,11562,12168,-606,10814,11333,-519,10825,11374,-549,11109,11258,-149,11136,10879,257,12882,11535,1347,13331,11428,1903,14220,12663,1557,1
16370,Pittwater (A),3760,4003,-243,3884,3802,82,4358,3939,419,4240,3797,443,4191,3844,347,4203,3836,367,4136,3552,584,4618,3719,899,4603,3856,747,4588,4327,261,1
16380,Port Macquarie-Hastings (A),5686,4738,948,5820,4735,1085,5302,4861,441,5376,4358,1018,4996,4521,475,4707,4120,587,4266,4087,179,4658,3975,683,4643,3931,712,5005,4158,847,1
16400,Port Stephens (A),5970,5451,519,5639,5429,210,5856,5543,313,5549,5088,461,5567,4931,636,5567,4801,766,5141,4561,580,5570,4871,699,5432,4604,828,5945,4987,958,1
16470,Queanbeyan (C),4219,3881,338,4120,4002,118,3956,3867,89,3813,3768,45,3597,3718,-121,3528,3968,-440,3282,3316,-34,3177,3413,-236,3124,3534,-410,3463,3452,11,1
16550,Randwick (C),9457,10645,-1188,9970,11152,-1182,10227,11763,-1536,9778,11245,-1467,9538,11091,-1553,9634,11214,-1580,9383,10888,-1505,9571,11544,-1973,9366,10917,-1551,9443,11713,-2270,1
16610,Richmond Valley (A),1852,1827,25,1982,1782,200,1824,1883,-59,1883,1803,80,1783,1802,-19,1646,1738,-92,1509,1571,-62,1777,1526,251,1794,1534,260,1846,1725,121,1
16650,Rockdale (C),7169,7801,-632,7646,8300,-654,8297,9326,-1029,7570,8795,-1225,7369,8525,-1156,7661,8663,-1002,7382,8592,-1210,7593,9101,-1508,7721,8869,-1148,7919,8977,-1058,1
16700,Ryde (C),7315,8274,-959,7748,8626,-878,7922,8980,-1058,7533,8842,-1309,8020,8782,-762,8089,8615,-526,8503,8796,-293,8649,9176,-527,8651,9531,-880,9588,10152,-564,1
16900,Shellharbour (C),3805,3594,211,3810,3516,294,3795,3704,91,3937,3530,407,3797,3583,214,3826,3531,295,3866,3484,382,3961,3553,408,4076,3411,665,4400,3718,682,1
16950,Shoalhaven (C),5797,5711,86,6024,5644,380,6124,5498,626,6003,5245,758,5853,5028,825,5753,4988,765,5676,5020,656,6062,4943,1119,6453,5036,1417,6896,5471,1425,1
17000,Singleton (A),1861,2100,-239,1950,2126,-176,2049,2051,-2,2061,2023,38,1954,2059,-105,2117,2134,-17,1716,2165,-449,1621,1948,-327,1619,1937,-318,1817,2360,-543,1
17050,Snowy River (A),648,631,17,671,653,18,631,566,65,649,558,91,673,591,82,566,512,54,516,543,-27,516,495,21,579,475,104,584,455,129,1
17950,Warren (A),204,278,-74,204,260,-56,213,235,-22,162,242,-80,239,241,-2,220,210,10,138,185,-47,170,201,-31,163,178,-15,158,175,-17,1
18000,Warringah (A),8293,8475,-182,8376,9003,-627,8826,9379,-553,8612,8689,-77,8642,8952,-310,8729,9045,-316,8452,8781,-329,8897,8767,130,8869,9132,-263,8827,9467,-640,1
18020,Warrumbungle Shire (A),687,882,-195,788,738,50,727,790,-63,639,770,-131,616,726,-110,597,701,-104,581,613,-32,651,694,-43,620,670,-50,573,648,-75,1
18050,Waverley (A),6109,6739,-630,6440,7033,-593,6367,7245,-878,6055,6725,-670,5950,6742,-792,6192,7067,-875,5848,6600,-752,6018,6733,-715,5828,6724,-896,6238,6958,-720,1
18100,Weddin (A),228,285,-57,170,278,-108,255,290,-35,198,230,-32,264,229,35,220,218,2,192,239,-47,203,219,-16,195,201,-6,201,166,35,1
18150,Wellington (A),495,710,-215,663,593,70,630,595,35,574,585,-11,664,606,58,547,654,-107,600,573,27,573,713,-140,583,639,-56,754,759,-5,1
18200,Wentworth (A),626,670,-44,546,612,-66,440,638,-198,483,555,-72,432,503,-71,487,552,-65,500,481,19,570,493,77,497,516,-19,540,485,55,1
18250,Willoughby (C),6585,7032,-447,6517,7159,-642,6718,7376,-658,6579,7181,-602,6458,7222,-764,6376,7025,-649,6061,6872,-811,6736,7129,-393,6781,6940,-159,6746,7285,-539,1
18350,Wingecarribee (A),3017,2835,182,3099,3027,72,3090,2928,162,2937,2605,332,2794,2698,96,2793,2546,247,2903,2476,427,3364,2629,735,3116,2577,539,3450,2725,725,1
18400,Wollondilly (A),2847,3040,-193,3115,3015,100,3204,3027,177,3371,2879,492,3617,2922,695,3380,2958,422,3359,3008,351,4032,3019,1013,4182,3017,1165,4676,3327,1349,1
18450,Wollongong (C),8157,8541,-384,8087,8615,-528,8785,8689,96,8332,8027,305,8302,8118,184,8068,8494,-426,7935,8127,-192,8637,8273,364,8527,8037,490,9414,8971,443,1
18500,Woollahra (A),5693,6058,-365,6105,6344,-239,6009,6281,-272,5895,6027,-132,5777,6089,-312,5823,5917,-94,5615,5720,-105,5520,5505,15,5591,5690,-99,5679,5765,-86,1
18550,Wyong (A),9976,9176,800,10227,8941,1286,10686,9060,1626,10348,8697,1651,10325,8671,1654,10237,9131,1106,9915,8685,1230,10239,8922,1317,9752,8737,1015,9969,9405,564,1
18710,Yass Valley (A),1363,1220,143,1497,1266,231,1361,1182,179,1431,1228,203,1422,1228,194,1375,1140,235,1036,1009,27,1098,1079,19,1164,1165,-1,1308,1165,143,1
18750,Young (A),895,966,-71,878,1002,-124,1102,952,150,979,870,109,913,996,-83,991,929,62,839,854,-15,790,930,-140,738,820,-82,779,767,12,1
19399,Unincorporated NSW,86,92,-6,94,96,-2,79,88,-9,76,71,5,80,85,-5,68,74,-6,63,65,-2,52,70,-18,70,73,-3,71,83,-12,1
20110,Alpine (S),935,1078,-143,976,1092,-116,884,987,-103,765,841,-76,821,792,29,860,811,49,779,737,42,787,729,58,728,752,-24,851,798,53,2
20260,Ararat (RC),829,934,-105,794,907,-113,907,898,9,791,799,-8,847,991,-144,864,869,-5,776,853,-77,692,764,-72,643,765,-122,656,751,-95,2
17100,Strathfield (A),2829,3166,-337,3337,3767,-430,3647,3942,-295,3462,4079,-617,3480,3976,-496,3256,4045,-789,3239,4038,-799,3412,4351,-939,3444,4624,-1180,3446,4600,-1154,1
17150,Sutherland Shire (A),9592,10427,-835,9723,10076,-353,10006,10376,-370,9491,9862,-371,9073,9955,-882,8876,10124,-1248,9410,9671,-261,9697,9489,208,9188,9424,-236,9120,10244,-1124,1
17200,Sydney (C),19098,19648,-550,19995,20947,-952,20037,21890,-1853,19929,20962,-1033,19369,20443,-1074,19445,20871,-1426,18548,20693,-2145,19335,20823,-1488,20328,20503,-175,20332,21713,-1381,1
17310,Tamworth Regional (A),3383,3520,-137,3411,3518,-107,3711,3384,327,3448,3048,400,3847,3210,637,3701,3447,254,3359,3221,138,3433,3077,356,3036,3070,-34,3397,3199,198,1
17350,Temora (A),272,378,-106,291,361,-70,334,422,-88,312,345,-33,305,351,-46,334,307,27,311,324,-13,335,303,32,382,326,56,377,350,27,1
17400,Tenterfield (A),557,501,56,525,558,-33,526,487,39,459,502,-43,448,422,26,476,496,-20,398,409,-11,464,443,21,431,432,-1,483,454,29,1
17420,The Hills Shire (A),12818,12286,532,13989,12710,1279,14380,13326,1054,13899,12835,1064,13370,12850,520,13138,12809,329,13285,12582,703,14324,13110,1214,14128,13220,908,14750,13785,965,1
17450,Tumbarumba (A),261,351,-90,257,307,-50,302,278,24,288,307,-19,358,340,18,290,293,-3,306,286,20,312,297,15,335,263,72,308,304,4,1
17500,Tumut Shire (A),688,933,-245,695,790,-95,559,812,-253,567,619,-52,587,620,-33,522,587,-65,556,549,7,632,623,9,586,586,0,640,612,28,1
17550,Tweed (A),7342,5914,1428,7107,5706,1401,6636,5635,1001,6130,5407,723,5781,5381,400,5759,5345,414,6018,5137,881,6262,5132,1130,6174,4885,1289,6987,5441,1546,1
17620,Upper Hunter Shire (A),1087,1201,-114,1154,1136,18,945,1063,-118,1000,909,91,1083,974,109,1176,1032,144,964,1000,-36,824,989,-165,734,1011,-277,869,982,-113,1
17640,Upper Lachlan Shire (A),485,452,33,490,517,-27,461,558,-97,458,490,-32,460,476,-16,595,503,92,524,449,75,468,520,-52,465,491,-26,502,477,25,1
17650,Uralla (A),554,571,-17,531,588,-57,465,503,-38,486,498,-12,500,513,-13,597,592,5,472,531,-59,526,485,41,455,489,-34,416,501,-85,1
17700,Urana (A),121,130,-9,100,128,-28,84,132,-48,88,119,-31,102,129,-27,87,97,-10,85,100,-15,93,103,-10,88,71,17,103,104,-1,1
17750,Wagga Wagga (C),4528,4568,-40,5042,4935,107,4746,5080,-334,4389,5079,-690,4367,4714,-347,3958,4965,-1007,3895,4444,-549,3939,4336,-397,3917,4168,-251,4277,4339,-62,1
17800,Wakool (A),289,404,-115,329,441,-112,266,324,-58,243,309,-66,275,297,-22,225,313,-88,233,305,-72,227,235,-8,298,231,67,251,314,-63,1
17850,Walcha (A),213,253,-40,220,253,-33,187,240,-53,190,242,-52,215,235,-20,162,196,-34,193,207,-14,181,206,-25,159,192,-33,197,191,6,1
17900,Walgett (A),565,744,-179,504,737,-233,543,724,-181,577,658,-81,436,608,-172,450,563,-113,384,549,-165,517,545,-28,528,556,-28,479,545,-66,1
21180,Brimbank (C),10506,11184,-678,11286,11697,-411,11975,13174,-1199,11060,12469,-1409,10713,12407,-1694,10257,12411,-2154,10617,12828,-2211,11221,12938,-1717,11129,12839,-1710,12601,14035,-1434,2
21270,Buloke (S),438,614,-176,397,506,-109,384,455,-71,457,467,-10,439,466,-27,340,414,-74,343,400,-57,327,421,-94,353,397,-44,350,451,-101,2
21370,Campaspe (S),2744,2890,-146,2707,2764,-57,2578,2707,-129,2402,2452,-50,2568,2469,99,2572,2438,134,2434,2351,83,2190,2376,-186,2127,2092,35,2285,2291,-6,2
21450,Cardinia (S),5956,4519,1437,6782,4749,2033,7777,4792,2985,8098,4820,3278,8102,5166,2936,8324,5283,3041,8442,5580,2862,8334,5707,2627,8508,5643,2865,9898,6347,3551,2
21610,Casey (C),18332,15832,2500,19249,16556,2693,20020,17236,2784,19070,16658,2412,18757,17219,1538,18409,17432,977,19002,17539,1463,19809,17850,1959,20235,17598,2637,22323,18873,3450,2
21670,Central Goldfields (S),921,926,-5,858,868,-10,1027,967,60,795,881,-86,748,796,-48,731,728,3,756,683,73,773,705,68,736,695,41,794,743,51,2
21750,Colac-Otway (S),1158,1261,-103,1271,1229,42,1088,1214,-126,1166,1144,22,1149,1080,69,1109,1238,-129,1132,1193,-61,1016,1144,-128,938,1028,-90,1065,1139,-74,2
21830,Corangamite (S),1043,1431,-388,961,1267,-306,1009,1092,-83,927,1047,-120,913,1004,-91,855,1104,-249,857,1026,-169,767,929,-162,821,896,-75,830,965,-135,2
21890,Darebin (C),10789,11784,-995,11069,12242,-1173,11466,13058,-1592,10658,12444,-1786,10602,12278,-1676,10853,12196,-1343,10924,12110,-1186,11067,12286,-1219,10538,11808,-1270,11472,12198,-726,2
22110,East Gippsland (S),2456,2281,175,2772,2322,450,2541,2248,293,2627,2026,601,2634,2106,528,2371,2125,246,2384,2061,323,2521,1980,541,2376,1954,422,2450,1995,455,2
22170,Frankston (C),10169,9977,192,11318,10499,819,11259,10551,708,10729,9915,814,10672,9956,716,10508,10361,147,10825,10335,490,10997,10446,551,10741,10095,646,11584,10885,699,2
22250,Gannawarra (S),771,1021,-250,767,998,-231,666,941,-275,676,814,-138,571,752,-181,608,642,-34,608,575,33,621,614,7,592,550,42,646,670,-24,2
22830,Greater Shepparton (C),3647,3710,-63,3349,3792,-443,3599,3800,-201,3317,3260,57,3078,3345,-267,2990,3337,-347,3066,3527,-461,3045,3399,-354,2961,3588,-627,3113,3731,-618,2
22910,Hepburn (S),1041,1245,-204,1201,1125,76,1294,1165,129,1128,1118,10,1264,1131,133,1170,1062,108,1246,1113,133,1135,1096,39,1103,1009,94,1284,1113,171,2
22980,Hindmarsh (S),399,480,-81,343,499,-156,407,408,-1,362,428,-66,397,430,-33,351,412,-61,340,382,-42,355,340,15,276,396,-120,341,426,-85,2
23110,Hobsons Bay (C),6380,7254,-874,6706,7534,-828,6535,7934,-1399,6288,7509,-1221,6230,7266,-1036,6226,7195,-969,6418,6988,-570,6508,6826,-318,6340,6762,-422,6953,7303,-350,2
23190,Horsham (RC),1345,1286,59,1403,1241,162,1257,1190,67,1200,1171,29,1226,1163,63,1151,1068,83,1033,1101,-68,962,1087,-125,1027,991,36,1030,1171,-141,2
23270,Hume (C),9741,8356,1385,10066,8833,1233,11116,9653,1463,9967,9399,568,9933,9172,761,9477,9370,107,9770,8987,783,10477,9571,906,10649,9134,1515,11919,10143,1776,2
23350,Indigo (S),1407,1417,-10,1416,1336,80,1311,1348,-37,1372,1197,175,1346,1217,129,1219,1172,47,1143,1112,31,1181,1152,29,1289,1110,179,1339,1111,228,2
23430,Kingston (C),11366,11752,-386,11996,12281,-285,11738,12047,-309,10830,11036,-206,10691,11322,-631,10571,11237,-666,10813,11208,-395,10399,11218,-819,10359,10858,-499,11198,11548,-350,2
23670,Knox (C),10322,10988,-666,10535,11605,-1070,10652,11234,-582,9784,10850,-1066,9333,10645,-1312,8774,10276,-1502,8767,10394,-1627,9295,10071,-776,9066,10151,-1085,10047,10991,-944,2
23810,Latrobe (C),3829,3913,-84,3864,3857,7,3874,3702,172,3624,3447,177,3652,3546,106,3388,3602,-214,3229,3847,-618,3212,3687,-475,3063,3472,-409,3730,3817,-87,2
23940,Loddon (S),663,738,-75,670,758,-88,560,655,-95,558,592,-34,548,551,-3,464,530,-66,499,448,51,452,413,39,424,427,-3,444,511,-67,2
24130,Macedon Ranges (S),2920,2885,35,3131,2725,406,3000,2581,419,3087,2562,525,2923,2510,413,2830,2479,351,2530,2329,201,2995,2435,560,2832,2435,397,3123,2653,470,2
24210,Manningham (C),7405,7932,-527,7455,8426,-971,7079,7843,-764,6733,7648,-915,6819,7846,-1027,6693,7597,-904,6412,7310,-898,6727,7591,-864,6494,7535,-1041,7072,8404,-1332,2
24250,Mansfield (S),567,651,-84,607,633,-26,593,494,99,589,435,154,532,509,23,545,443,102,557,423,134,462,427,35,514,398,116,610,519,91,2
24330,Maribyrnong (C),6548,7053,-505,7208,7678,-470,7353,8313,-960,7210,8323,-1113,7384,8185,-801,7168,8071,-903,7554,8217,-663,7874,8074,-200,7638,8014,-376,7878,8753,-875,2
24410,Maroondah (C),8817,9011,-194,9053,9275,-222,9084,9355,-271,8459,8800,-341,8321,8640,-319,7918,8256,-338,8045,8163,-118,8066,8111,-45,7865,8068,-203,8843,8875,-32,2
24600,Melbourne (C),12954,12493,461,13157,13117,40,13888,13680,208,13726,13398,328,14119,13692,427,13682,13812,-130,14116,14292,-176,14310,14568,-258,15491,14325,1166,16328,15568,760,2
24650,Melton (S),8240,5428,2812,8748,5879,2869,10089,6431,3658,10169,6345,3824,9761,6771,2990,9697,6872,2825,9305,7135,2170,9971,7633,2338,9937,7407,2530,11292,8433,2859,2
24780,Mildura (RC),3046,3076,-30,2842,3224,-382,2733,3210,-477,2569,2879,-310,2735,2936,-201,2757,2971,-214,2959,2923,36,2872,2886,-14,2838,2919,-81,2792,3032,-240,2
24850,Mitchell (S),2765,2661,104,2783,2695,88,3125,2772,353,2904,2457,447,3119,2503,616,3104,2680,424,2979,2588,391,3059,2612,447,2989,2701,288,3444,2946,498,2
24900,Moira (S),2339,2352,-13,2069,2106,-37,1977,2138,-161,1906,1855,51,1938,1884,54,1971,1793,178,1743,1742,1,1947,1813,134,1793,1756,37,1882,1848,34,2
24970,Monash (C),11448,13934,-2486,11809,14985,-3176,11311,14502,-3191,10926,14210,-3284,11405,14063,-2658,11629,13540,-1911,11453,13613,-2160,11954,14221,-2267,11327,14020,-2693,12358,15176,-2818,2
25060,Moonee Valley (C),8466,8808,-342,8683,8932,-249,8520,9310,-790,8066,8967,-901,8212,8905,-693,7693,8412,-719,8006,8040,-34,8504,8377,127,8624,8043,581,9034,8710,324,2
25150,Moorabool (S),1999,1892,107,2136,2034,102,2255,1862,393,2279,1790,489,2522,1948,574,2416,1846,570,2368,1789,579,2338,1798,540,2418,1807,611,2456,1924,532,2
25250,Moreland (C),11118,12325,-1207,11176,13057,-1881,11884,13663,-1779,11213,13202,-1989,11400,12950,-1550,11487,12955,-1468,11773,12482,-709,12234,13000,-766,11968,12802,-834,13524,14170,-646,2
25340,Mornington Peninsula (S),10247,9143,1104,10888,9986,902,10475,9417,1058,10106,8829,1277,9732,9025,707,9531,8901,630,9512,8835,677,9992,8536,1456,10231,8736,1495,10656,9291,1365,2
25430,Mount Alexander (S),1273,1215,58,1353,1186,167,1374,1238,136,1172,1129,43,1280,1129,151,1113,1113,0,1214,1040,174,1331,1016,315,1248,1051,197,1467,1208,259,2
25490,Moyne (S),1396,1590,-194,1493,1484,9,1331,1282,49,1348,1219,129,1329,1276,53,1326,1355,-29,1123,1207,-84,1132,1114,18,973,1094,-121,1174,1124,50,2
25620,Murrindindi (S),1109,1313,-204,1080,1139,-59,1142,1530,-388,1056,1169,-113,1002,1008,-6,960,946,14,908,880,28,948,840,108,842,744,98,1076,929,147,2
25710,Nillumbik (S),4201,4648,-447,4276,4629,-353,4212,4546,-334,3810,4307,-497,3843,4330,-487,3744,4217,-473,3603,3954,-351,3726,3944,-218,3459,3966,-507,3914,4198,-284,2
25810,Northern Grampians (S),861,985,-124,861,1024,-163,878,1016,-138,833,762,71,879,910,-31,704,777,-73,657,774,-117,696,732,-36,591,731,-140,697,737,-40,2
25900,Port Phillip (C),12766,12653,113,12168,13205,-1037,12251,12998,-747,11367,12499,-1132,10897,12040,-1143,10826,11853,-1027,10420,11465,-1045,10858,11577,-719,10654,11176,-522,11426,12026,-600,2
25990,Pyrenees (S),568,633,-65,579,633,-54,646,641,5,641,565,76,669,629,40,573,533,40,548,545,3,583,498,85,516,440,76,527,485,42,2
26080,Queenscliffe (B),328,380,-52,373,345,28,327,269,58,245,288,-43,267,223,44,298,257,41,264,250,14,250,192,58,260,173,87,281,202,79,2
26170,South Gippsland (S),1606,1661,-55,1522,1659,-137,1813,1641,172,1634,1522,112,2033,1590,443,1878,1678,200,1655,1572,83,1579,1653,-74,1506,1651,-145,1810,1626,184,2
26260,Southern Grampians (S),1195,1294,-99,1083,1240,-157,957,1225,-268,921,1087,-166,987,942,45,830,1076,-246,870,1089,-219,717,906,-189,761,844,-83,845,980,-135,2
26350,Stonnington (C),10692,11423,-731,10657,11709,-1052,10203,11355,-1152,9802,11020,-1218,9200,10557,-1357,9829,10260,-431,9736,10254,-518,10101,10097,4,10034,10245,-211,10656,10871,-215,2
26430,Strathbogie (S),842,769,73,743,764,-21,650,682,-32,664,716,-52,599,562,37,698,644,54,703,604,99,656,567,89,652,572,80,748,639,109,2
26490,Surf Coast (S),2151,1760,391,2443,1850,593,2367,1838,529,2334,1721,613,2542,1738,804,2317,1662,655,2224,1698,526,2167,1703,464,2195,1642,553,2466,1913,553,2
26610,Swan Hill (RC),1333,1587,-254,1325,1690,-365,1274,1516,-242,1160,1564,-404,1161,1430,-269,1131,1386,-255,1078,1457,-379,1123,1558,-435,1025,1352,-327,1101,1424,-323,2
26670,Towong (S),611,484,127,538,523,15,523,501,22,456,442,14,453,488,-35,460,431,29,442,423,19,469,429,40,431,430,1,482,420,62,2
26700,Wangaratta (RC),1733,1770,-37,1718,1780,-62,1657,1608,49,1422,1359,63,1477,1406,71,1454,1532,-78,1339,1404,-65,1308,1323,-15,1264,1282,-18,1522,1269,253,2
26730,Warrnambool (C),2487,2182,305,2389,2238,151,2197,2115,82,2173,1922,251,2133,2107,26,2136,2104,32,2122,1950,172,2115,1999,116,1860,1870,-10,2105,2033,72,2
26810,Wellington (S),2742,2652,90,2798,2565,233,2720,2681,39,2396,2574,-178,2625,2454,171,2576,2533,43,2442,2422,20,2371,2554,-183,2306,2477,-171,2570,2509,61,2
26890,West Wimmera (S),305,377,-72,369,406,-37,327,327,0,261,298,-37,294,329,-35,291,335,-44,231,282,-51,263,302,-39,236,294,-58,270,279,-9,2
26980,Whitehorse (C),11186,12553,-1367,11625,13131,-1506,11019,13065,-2046,10195,12681,-2486,10264,12242,-1978,10586,11943,-1357,11012,11779,-767,10840,12240,-1400,10451,12035,-1584,11402,13208,-1806,2
27070,Whittlesea (C),8247,7277,970,9312,7245,2067,10537,7874,2663,10936,7170,3766,11591,7516,4075,12290,7607,4683,12217,7842,4375,12530,8477,4053,11938,8270,3668,13664,9484,4180,2
27170,Wodonga (RC),3578,3999,-421,3236,3575,-339,3286,3418,-132,3229,3061,168,3393,3064,329,3257,3356,-99,3267,3049,218,3479,3115,364,3356,3545,-189,3401,3569,-168,2
27260,Wyndham (C),10466,6602,3864,11812,6993,4819,13442,7599,5843,14616,7738,6878,15635,8583,7052,16321,9227,7094,15700,9961,5739,15615,10598,5017,16085,11325,4760,17794,12758,5036,2
27350,Yarra (C),10429,10484,-55,10448,11073,-625,10490,11029,-539,9811,10379,-568,9224,10312,-1088,9285,9603,-318,9536,9550,-14,9750,9299,451,9787,9363,424,10728,10099,629,2
27450,Yarra Ranges (S),9246,9813,-567,9527,9828,-301,9646,9638,8,9354,9312,42,8668,9308,-640,8256,9050,-794,8060,8805,-745,7930,8420,-490,8056,8162,-106,8975,8945,30,2
27630,Yarriambiack (S),456,716,-260,530,668,-138,545,639,-94,472,536,-64,508,568,-60,458,555,-97,426,458,-32,387,486,-99,391,490,-99,386,476,-90,2
29399,Unincorporated Vic,140,100,40,111,126,-15,88,92,-4,68,86,-18,85,80,5,78,78,0,75,88,-13,78,56,22,64,68,-4,73,76,-3,2
30250,Aurukun (S),36,57,-21,43,73,-30,44,60,-16,30,66,-36,36,51,-15,40,69,-29,37,59,-22,38,66,-28,56,64,-8,64,56,8,3
30300,Balonne (S),437,549,-112,398,565,-167,384,489,-105,386,498,-112,295,362,-67,344,455,-111,352,382,-30,360,434,-74,263,408,-145,272,455,-183,3
30370,Banana (S),1436,1790,-354,1272,1586,-314,1329,1461,-132,1143,1452,-309,1142,1507,-365,1190,1347,-157,1266,1284,-18,1125,1400,-275,1086,1358,-272,1006,1221,-215,3
30410,Barcaldine (R),221,307,-86,257,332,-75,266,309,-43,271,294,-23,205,238,-33,259,253,6,239,234,5,189,286,-97,167,228,-61,137,320,-183,3
30450,Barcoo (S),35,48,-13,27,30,-3,21,37,-16,30,28,2,13,13,0,14,27,-13,21,23,-2,9,21,-12,7,27,-20,6,12,-6,3
30760,Blackall Tambo (R),177,217,-40,163,172,-9,163,173,-10,183,160,23,196,203,-7,156,182,-26,143,152,-9,144,161,-17,126,236,-110,141,214,-73,3
40430,Barunga West (DC),176,212,-36,186,202,-16,234,174,60,174,164,10,174,227,-53,183,222,-39,143,167,-24,185,177,8,155,142,13,140,142,-2,4
40520,Berri and Barmera (DC),955,1119,-164,761,1117,-356,846,999,-153,723,870,-147,846,820,26,736,852,-116,672,735,-63,657,793,-136,706,715,-9,702,747,-45,4
50350,Bassendean (T),1663,1778,-115,1678,1727,-49,1856,1928,-72,1697,1660,37,1689,1733,-44,1743,1789,-46,1668,1704,-36,1788,1786,2,1561,1839,-278,1654,1911,-257,5
50420,Bayswater (C),7169,7316,-147,6868,7646,-778,7515,7946,-431,6777,7531,-754,6750,7063,-313,7000,7353,-353,6442,6934,-492,6434,7479,-1045,6133,7210,-1077,6545,7553,-1008,5
50490,Belmont (C),4544,4482,62,4233,4396,-163,4546,4620,-74,4562,4539,23,4698,4523,175,4627,4740,-113,4291,4962,-671,4314,5160,-846,4260,4931,-671,4668,5247,-579,5
50560,Beverley (S),171,174,-3,146,173,-27,159,153,6,103,124,-21,160,161,-1,115,127,-12,129,127,2,104,162,-58,130,162,-32,85,127,-42,5
50630,Boddington (S),193,189,4,174,173,1,193,188,5,212,157,55,229,226,3,193,165,28,229,186,43,283,176,107,184,161,23,215,232,-17,5
50770,Boyup Brook (S),166,175,-9,144,145,-1,150,148,2,97,131,-34,121,136,-15,124,113,11,98,73,25,81,94,-13,112,125,-13,125,98,27,5
50840,Bridgetown-Greenbushes (S),516,486,30,515,491,24,431,364,67,399,352,47,370,317,53,336,316,20,310,308,2,361,314,47,345,307,38,357,364,-7,5
50910,Brookton (S),126,171,-45,125,108,17,103,96,7,69,129,-60,56,93,-37,100,82,18,70,105,-35,85,96,-11,90,75,15,107,92,15,5
50980,Broome (S),2318,1781,537,2126,2062,64,2107,2006,101,1961,1859,102,1975,1782,193,1904,1704,200,1857,1749,108,1761,1930,-169,1840,1798,42,1788,1960,-172,5
51080,Broomehill-Tambellup (S),86,129,-43,123,116,7,187,106,81,76,95,-19,91,109,-18,72,114,-42,62,129,-67,63,79,-16,79,79,0,103,79,24,5
51120,Bruce Rock (S),87,109,-22,118,106,12,65,80,-15,74,82,-8,74,107,-33,48,97,-49,61,49,12,50,81,-31,73,63,10,65,73,-8,5
51190,Bunbury (C),3331,3537,-206,3602,3494,108,3644,3497,147,3455,3263,192,3516,3484,32,3219,3267,-48,3218,3078,140,3069,3164,-95,2929,3034,-105,3013,3400,-387,5
51260,Busselton (S),2733,2170,563,2696,1932,764,2623,1960,663,2553,1777,776,2420,1820,600,2726,1804,922,2736,1745,991,2770,1875,895,2844,1874,970,2953,2055,898,5
51310,Cambridge (T),3171,3187,-16,3024,3453,-429,3120,3259,-139,2781,3076,-295,2789,3055,-266,2771,2823,-52,2636,2833,-197,2543,2769,-226,2551,2726,-175,2802,2830,-28,5
51330,Canning (C),9218,9308,-90,8944,9403,-459,9306,10250,-944,8735,9900,-1165,8923,9493,-570,8324,9374,-1050,8188,9621,-1433,8404,9982,-1578,7906,10030,-2124,8035,10632,-2597,5
51400,Capel (S),1453,1354,99,1746,1375,371,1814,1358,456,1612,1346,266,1795,1458,337,1691,1551,140,1720,1468,252,1666,1506,160,1535,1480,55,1717,1725,-8,5
51470,Carnamah (S),104,132,-28,114,148,-34,68,107,-39,59,98,-39,86,106,-20,79,104,-25,51,104,-53,61,75,-14,88,66,22,49,96,-47,5
51540,Carnarvon (S),527,724,-197,534,702,-168,556,649,-93,488,554,-66,524,614,-90,472,630,-158,478,573,-95,507,594,-87,421,531,-110,476,606,-130,5
51610,Chapman Valley (S),147,129,18,153,108,45,123,123,0,128,138,-10,138,123,15,146,86,60,117,79,38,107,84,23,107,74,33,144,93,51,5
22490,Golden Plains (S),1672,1484,188,1772,1536,236,1812,1577,235,1743,1374,369,1843,1563,280,1944,1513,431,1697,1332,365,1731,1400,331,1701,1410,291,1901,1478,423,2
22620,Greater Bendigo (C),5742,5151,591,5989,5204,785,5708,5099,609,5361,4541,820,5338,4580,758,5372,4539,833,5649,4570,1079,5301,4595,706,5141,4431,710,5843,4586,1257,2
22670,Greater Dandenong (C),9046,11106,-2060,9451,11811,-2360,9422,12306,-2884,8815,12035,-3220,9020,11250,-2230,9093,11100,-2007,9976,11704,-1728,10215,12379,-2164,9844,11382,-1538,10126,12668,-2542,2
22750,Greater Geelong (C),9677,8938,739,9698,9016,682,10336,9086,1250,9968,8396,1572,10175,8915,1260,10126,8962,1164,10302,8695,1607,10282,8904,1378,10448,8504,1944,12069,8882,3187,2
36360,Rockhampton (R),7463,6855,608,6863,6779,84,7534,6955,579,6519,6280,239,6832,6210,622,7833,6073,1760,7610,6562,1048,6566,6683,-117,5982,6468,-486,5992,6914,-922,3
36510,Scenic Rim (R),3402,2982,420,3446,3122,324,3629,3040,589,3411,2912,499,3171,3013,158,3043,2956,87,3152,2822,330,3671,2942,729,3152,2914,238,3711,3269,442,3
36580,Somerset (R),2199,2155,44,2333,2112,221,2433,2216,217,2345,2082,263,2181,1995,186,2037,1996,41,2349,1971,378,2473,2038,435,2166,2157,9,2513,2218,295,3
36630,South Burnett (R),2704,2622,82,2901,2756,145,3006,2832,174,2715,2669,46,2429,2404,25,2529,2353,176,2205,2325,-120,2399,2455,-56,2202,2264,-62,2465,2502,-37,3
36660,Southern Downs (R),2661,2690,-29,2716,2374,342,2963,2616,347,2420,2317,103,2517,2267,250,2452,2460,-8,2505,2309,196,2481,2338,143,2377,2328,49,2316,2422,-106,3
36710,Sunshine Coast (R),22118,18122,3996,22232,18132,4100,21141,18415,2726,19868,17071,2797,19075,16904,2171,20345,17483,2862,20201,16982,3219,21822,17015,4807,20840,16108,4732,23113,16913,6200,3
36810,Tablelands (R),3335,3076,259,3480,3188,292,3294,3205,89,3212,2983,229,3009,3018,-9,2815,2890,-75,3136,2853,283,3056,2857,199,3124,2961,163,3460,3132,328,3
36910,Toowoomba (R),10645,10764,-119,10011,10714,-703,10863,10517,346,9949,9562,387,9586,9625,-39,9704,9491,213,9439,8979,460,9595,9391,204,8728,9189,-461,9393,9752,-359,3
22310,Glen Eira (C),10894,11699,-805,10924,12060,-1136,10174,11595,-1421,9822,11168,-1346,9788,11385,-1597,9821,10697,-876,9743,10664,-921,9895,10580,-685,9959,10701,-742,10483,11670,-1187,2
22410,Glenelg (S),1279,1271,8,1166,1313,-147,1176,1236,-60,1011,1096,-85,1108,1108,0,1068,1241,-173,946,1212,-266,984,1075,-91,950,1065,-115,1051,1101,-50,2
30900,Boulia (S),41,58,-17,62,54,8,56,44,12,44,38,6,49,51,-2,37,42,-5,38,58,-20,46,44,2,41,37,4,22,38,-16,3
31000,Brisbane (C),65813,65744,69,64178,67851,-3673,63143,71048,-7905,58005,65320,-7315,56766,62170,-5404,56955,61299,-4344,55143,60310,-5167,57061,63400,-6339,55945,60542,-4597,63276,64897,-1621,3
36070,Pormpuraaw (S),58,66,-8,52,61,-9,60,58,2,53,64,-11,46,67,-21,82,78,4,89,78,11,37,69,-32,53,57,-4,56,68,-12,3
36150,Quilpie (S),60,112,-52,110,93,17,99,112,-13,80,78,2,80,122,-42,86,82,4,54,97,-43,74,91,-17,55,85,-30,87,94,-7,3
36250,Redland (C),10423,9828,595,10637,10006,631,10912,10349,563,9709,9714,-5,9664,9243,421,9203,9007,196,9080,8655,425,9602,9027,575,9196,8473,723,10557,8859,1698,3
36300,Richmond (S),91,117,-26,103,99,4,112,121,-9,79,124,-45,61,127,-66,98,73,25,70,103,-33,94,100,-6,73,101,-28,87,127,-40,3
31750,Bulloo (S),33,40,-7,21,43,-22,47,38,9,31,32,-1,17,33,-16,19,36,-17,17,26,-9,27,28,-1,19,11,8,17,30,-13,3
31820,Bundaberg (R),6744,5292,1452,6690,5830,860,6980,5763,1217,6133,5293,840,5701,5425,276,5929,5323,606,5572,5748,-176,5555,5559,-4,5003,5098,-95,5327,5347,-20,3
31900,Burdekin (S),1298,1272,26,995,1219,-224,1300,1394,-94,1047,1221,-174,909,1076,-167,1029,1009,20,940,1131,-191,965,1089,-124,871,1064,-193,831,1150,-319,3
31950,Burke (S),58,65,-7,53,67,-14,54,69,-15,64,74,-10,74,64,10,53,62,-9,54,62,-8,45,53,-8,45,54,-9,49,60,-11,3
32070,Cairns (R),12732,10747,1985,12563,11123,1440,12262,11241,1021,11803,11560,243,11864,11541,323,11429,10988,441,11582,10834,748,10591,11515,-924,10344,11243,-899,10685,11770,-1085,3
32250,Carpentaria (S),215,274,-59,229,253,-24,232,238,-6,224,219,5,183,217,-34,165,240,-75,157,236,-79,197,196,1,210,151,59,169,169,0,3
32260,Cassowary Coast (R),2367,2640,-273,2377,2453,-76,2264,2468,-204,2107,2333,-226,1703,2689,-986,1863,2306,-443,1755,2195,-440,1920,2278,-358,1910,2090,-180,1885,2218,-333,3
32270,Central Highlands (R),3242,3783,-541,3292,3525,-233,3680,3388,292,3251,3384,-133,3206,3339,-133,3598,3453,145,3333,3495,-162,3043,3524,-481,2573,3324,-751,2534,3633,-1099,3
32310,Charters Towers (R),1102,1133,-31,1122,1024,98,1078,1090,-12,996,949,47,954,836,118,873,985,-112,836,953,-117,924,960,-36,817,980,-163,748,948,-200,3
36950,Torres (S),191,258,-67,245,332,-87,241,396,-155,252,364,-112,236,308,-72,225,335,-110,202,324,-122,261,282,-21,229,313,-84,220,286,-66,3
36960,Torres Strait Island (R),241,337,-96,317,428,-111,302,486,-184,329,449,-120,292,397,-105,294,408,-114,262,423,-161,321,362,-41,312,388,-76,286,387,-101,3
37010,Townsville (C),14468,13125,1343,14561,12787,1774,14587,13312,1275,12892,12753,139,13397,12195,1202,13945,12332,1613,13322,12199,1123,12495,12716,-221,12433,12761,-328,13080,13654,-574,3
41750,Elliston (DC),121,131,-10,84,129,-45,89,116,-27,72,97,-25,91,109,-18,78,83,-5,82,77,5,80,71,9,74,95,-21,78,87,-9,4
52030,Coorow (S),123,177,-54,139,190,-51,143,154,-11,108,131,-23,118,138,-20,82,131,-49,106,117,-11,115,139,-24,89,90,-1,118,113,5,5
32330,Cherbourg (S),124,159,-35,118,141,-23,139,176,-37,101,126,-25,101,133,-32,91,114,-23,117,106,11,92,107,-15,73,89,-16,73,95,-22,3
32450,Cloncurry (S),468,559,-91,470,477,-7,375,500,-125,381,440,-59,394,410,-16,419,442,-23,343,441,-98,415,443,-28,305,415,-110,358,362,-4,3
32500,Cook (S),309,300,9,311,333,-22,346,335,11,334,329,5,356,345,11,337,286,51,356,313,43,377,307,70,400,303,97,401,333,68,3
32600,Croydon (S),30,47,-17,37,47,-10,46,56,-10,34,42,-8,32,43,-11,42,37,5,43,46,-3,32,42,-10,34,46,-12,41,52,-11,3
33830,Hope Vale (S),82,71,11,73,82,-9,93,83,10,87,80,7,92,78,14,90,60,30,89,72,17,90,65,25,96,63,33,103,77,26,3
33960,Ipswich (C),13576,11470,2106,14419,12200,2219,16296,12938,3358,14888,12623,2265,14348,12657,1691,14519,12290,2229,14228,12380,1848,15193,12932,2261,14992,12707,2285,17217,13882,3335,3
33980,Isaac (R),2859,2938,-79,2845,2959,-114,2832,2976,-144,2419,2732,-313,2594,2690,-96,2918,3109,-191,2844,3090,-246,2552,3078,-526,2269,3123,-854,2161,2885,-724,3
34420,Kowanyama (S),40,72,-32,51,88,-37,53,80,-27,53,70,-17,41,77,-36,66,98,-32,57,96,-39,40,64,-24,58,77,-19,55,72,-17,3
34570,Lockhart River (S),55,52,3,40,48,-8,38,39,-1,38,45,-7,27,40,-13,26,39,-13,22,30,-8,33,38,-5,48,42,6,48,48,0,3
34580,Lockyer Valley (R),3095,2875,220,3279,2862,417,3849,2875,974,3260,2931,329,3150,2861,289,3118,2840,278,3204,2762,442,3527,2887,640,2992,2770,222,3295,3076,219,3
34590,Logan (C),20510,20976,-466,21220,21306,-86,23226,22989,237,20533,21781,-1248,20084,21096,-1012,19655,21060,-1405,19756,21720,-1964,21851,22694,-843,20624,20990,-366,23334,23609,-275,3
34710,Longreach (R),429,542,-113,443,455,-12,484,542,-58,428,447,-19,417,444,-27,307,418,-111,309,416,-107,355,481,-126,293,519,-226,360,440,-80,3
34770,Mackay (R),8462,8054,408,8854,7774,1080,8674,7977,697,7470,7405,65,7850,7294,556,8473,7797,676,7899,7904,-5,7064,7981,-917,6027,7519,-1492,5836,8048,-2212,3
34800,McKinlay (S),102,109,-7,72,93,-21,87,119,-32,83,109,-26,97,80,17,66,81,-15,98,115,-17,82,84,-2,67,77,-10,62,85,-23,3
37300,Weipa (T),553,432,121,493,383,110,413,407,6,392,373,19,374,374,0,493,345,148,464,374,90,526,418,108,595,440,155,587,483,104,3
37310,Western Downs (R),2611,3006,-395,2911,2712,199,3044,2836,208,3030,2732,298,3238,2548,690,2590,2698,-108,2497,2658,-161,2549,2916,-367,2665,2950,-285,2614,2806,-192,3
37340,Whitsunday (R),2973,2870,103,3031,2832,199,3032,3067,-35,2695,2894,-199,2350,2708,-358,3014,2727,287,2767,2718,49,2662,3008,-346,2371,2617,-246,2517,2829,-312,3
35780,Northern Peninsula Area (R),139,175,-36,156,167,-11,149,191,-42,153,198,-45,123,181,-58,139,184,-45,152,161,-9,196,147,49,187,176,11,176,174,2,3
40250,Anangu Pitjantjatjara (AC),126,149,-23,124,151,-27,130,131,-1,131,128,3,117,131,-14,101,117,-16,104,112,-8,98,113,-15,95,112,-17,94,124,-30,4
40310,Barossa (DC),1885,1631,254,1738,1615,123,1528,1445,83,1420,1320,100,1463,1258,205,1330,1384,-54,1363,1282,81,1479,1262,217,1404,1195,209,1377,1217,160,4
56520,Narrogin (T),516,547,-31,443,524,-81,432,531,-99,299,448,-149,304,391,-87,414,462,-48,490,579,-89,516,663,-147,477,550,-73,415,585,-170,5
56580,Nedlands (C),2502,2650,-148,2226,2581,-355,2248,2602,-354,2080,2393,-313,2193,2225,-32,2215,2194,21,2009,2128,-119,2064,2085,-21,1873,2157,-284,2028,2286,-258,5
32750,Diamantina (S),38,41,-3,41,30,11,26,41,-15,33,27,6,40,38,2,18,26,-8,27,32,-5,22,21,1,30,18,12,15,20,-5,3
41010,Ceduna (DC),242,265,-23,233,274,-41,247,211,36,247,253,-6,239,297,-58,241,253,-12,213,249,-36,232,263,-31,180,250,-70,209,250,-41,4
41060,Charles Sturt (C),9429,9988,-559,9020,9740,-720,9053,9674,-621,8579,9199,-620,9141,8986,155,8614,8658,-44,8933,8798,135,9009,8840,169,8600,8524,76,8110,9010,-900,4
41140,Clare and Gilbert Valleys (DC),859,902,-43,667,685,-18,656,658,-2,704,654,50,704,617,87,627,603,24,665,568,97,598,553,45,595,573,22,671,652,19,4
57210,Plantagenet (S),487,493,-6,513,470,43,397,449,-52,471,477,-6,418,451,-33,374,436,-62,446,353,93,481,431,50,467,474,-7,537,523,14,5
57280,Port Hedland (T),2452,2350,102,2795,2455,340,3023,2484,539,2911,2444,467,2875,2561,314,1904,2565,-661,1796,2409,-613,1731,2192,-461,1671,2015,-344,1875,2142,-267,5
57350,Quairading (S),133,162,-29,139,126,13,103,117,-14,95,96,-1,86,87,-1,51,136,-85,72,73,-1,80,65,15,95,100,-5,83,111,-28,5
32770,Doomadgee (S),83,87,-4,94,134,-40,81,131,-50,107,127,-20,141,99,42,103,124,-21,119,124,-5,98,115,-17,96,117,-21,132,135,-3,3
33100,Etheridge (S),103,158,-55,104,129,-25,97,163,-66,122,163,-41,111,153,-42,90,144,-54,100,150,-50,122,130,-8,111,139,-28,135,168,-33,3
33200,Flinders (S),157,209,-52,170,189,-19,161,222,-61,171,188,-17,145,171,-26,143,191,-48,152,152,0,137,195,-58,113,168,-55,148,159,-11,3
33220,Fraser Coast (R),8213,6098,2115,8357,6292,2065,8277,6613,1664,7664,6205,1459,7175,6510,665,7226,6404,822,7267,6551,716,7402,6532,870,6967,5997,970,7350,6631,719,3
33360,Gladstone (R),4722,4159,563,4837,4310,527,4328,4128,200,3843,4209,-366,4921,4002,919,5585,5040,545,5921,4987,934,5832,5008,824,5346,4884,462,4707,6020,-1313,3
33430,Gold Coast (C),32177,27019,5158,32220,28925,3295,32396,29760,2636,30046,27624,2422,29245,27539,1706,30023,28039,1984,30041,27288,2753,31159,28243,2916,30637,26145,4492,33925,27678,6247,3
33610,Goondiwindi (R),884,1062,-178,932,974,-42,965,1037,-72,927,736,191,798,924,-126,908,946,-38,746,862,-116,631,945,-314,648,744,-96,738,839,-101,3
33620,Gympie (R),3999,3658,341,4120,3672,448,4153,3455,698,3907,3431,476,3768,3359,409,3733,3424,309,3693,3380,313,3556,3575,-19,3545,3164,381,4134,3518,616,3
33800,Hinchinbrook (S),784,764,20,842,781,61,709,750,-41,613,723,-110,608,672,-64,587,678,-91,548,703,-155,472,610,-138,456,712,-256,450,648,-198,3
34830,Mapoon (S),51,47,4,58,48,10,58,61,-3,43,41,2,44,43,1,128,130,-2,112,107,5,122,118,4,122,124,-2,124,130,-6,3
34860,Maranoa (R),1160,1280,-120,1066,1205,-139,1159,1228,-69,1003,1145,-142,927,1151,-224,924,1208,-284,955,1059,-104,921,1080,-159,888,1114,-226,851,1257,-406,3
35010,Moreton Bay (R),28917,23272,5645,28596,23311,5285,29148,23971,5177,27871,23068,4803,26880,22645,4235,26649,22733,3916,26036,22733,3303,28514,23464,5050,27823,22225,5598,30497,24233,6264,3
35250,Mornington (S),88,96,-8,82,93,-11,98,96,2,71,91,-20,64,101,-37,69,87,-18,65,76,-11,86,86,0,109,96,13,127,119,8,3
35300,Mount Isa (C),2583,2906,-323,2734,2695,39,2300,2923,-623,2128,2524,-396,2294,2607,-313,2514,2600,-86,2340,2726,-386,1988,2662,-674,1765,2418,-653,1705,2789,-1084,3
35600,Murweh (S),332,478,-146,374,437,-63,447,535,-88,380,488,-108,310,373,-63,347,384,-37,305,380,-75,306,388,-82,374,508,-134,300,470,-170,3
35670,Napranum (S),134,117,17,150,98,52,121,124,-3,105,109,-4,100,90,10,226,151,75,194,125,69,205,146,59,223,149,74,223,164,59,3
35760,North Burnett (R),753,865,-112,689,932,-243,854,822,32,712,830,-118,689,720,-31,675,792,-117,639,647,-8,645,795,-150,645,675,-30,597,669,-72,3
35790,Palm Island (S),265,218,47,236,248,-12,237,239,-2,232,227,5,225,232,-7,221,214,7,221,227,-6,182,202,-20,179,198,-19,198,236,-38,3
35800,Paroo (S),157,218,-61,139,256,-117,163,210,-47,136,169,-33,139,148,-9,137,198,-61,131,197,-66,156,194,-38,135,207,-72,133,169,-36,3
41330,Coober Pedy (DC),162,245,-83,162,229,-67,161,205,-44,179,202,-23,146,186,-40,134,174,-40,163,192,-29,148,200,-52,127,174,-47,155,194,-39,4
37400,Winton (S),79,98,-19,87,143,-56,121,128,-7,109,122,-13,110,120,-10,141,152,-11,122,131,-9,128,157,-29,90,140,-50,69,145,-76,3
41560,Copper Coast (DC),1141,838,303,1125,853,272,1048,787,261,946,780,166,922,876,46,1003,703,300,971,699,272,944,711,233,896,744,152,1024,790,234,4
57420,Ravensthorpe (S),361,220,141,335,290,45,247,441,-194,194,256,-62,357,197,160,318,223,95,275,260,15,240,237,3,197,286,-89,179,259,-80,5
57490,Rockingham (C),8934,6802,2132,9214,7158,2056,9080,7694,1386,9140,7438,1702,9311,7664,1647,10089,7822,2267,10491,7961,2530,10557,8451,2106,10389,8299,2090,10625,8986,1639,5
37550,Woorabinda (S),92,140,-48,82,105,-23,69,99,-30,70,103,-33,129,117,12,117,109,8,91,110,-19,97,116,-19,98,133,-35,90,107,-17,3
43080,Karoonda East Murray (DC),85,104,-19,92,118,-26,61,83,-22,40,87,-47,59,82,-23,58,85,-27,52,59,-7,53,60,-7,69,83,-14,52,51,1,4
64810,Sorell (M),1151,1117,34,1240,1068,172,1379,1196,183,1165,1039,126,1276,1063,213,1101,1067,34,1058,975,83,1168,903,265,1035,937,98,1172,1024,148,6
65010,Southern Midlands (M),546,502,44,509,544,-35,635,606,29,554,483,71,523,540,-17,457,465,-8,403,482,-79,421,473,-52,426,405,21,422,463,-41,6
65210,Tasman (M),155,161,-6,189,144,45,210,139,71,167,146,21,169,159,10,184,199,-15,122,175,-53,161,165,-4,156,122,34,173,160,13,6
65410,Waratah/Wynyard (M),1142,1054,88,1079,1024,55,1091,1126,-35,913,869,44,920,899,21,877,918,-41,807,861,-54,909,899,10,781,849,-68,842,797,45,6
65610,West Coast (M),428,576,-148,479,520,-41,504,538,-34,411,478,-67,365,543,-178,302,421,-119,278,443,-165,275,426,-151,291,378,-87,275,381,-106,6
65810,West Tamar (M),2197,2145,52,2116,2085,31,2105,2103,2,1995,1839,156,1864,1893,-29,1845,1857,-12,1693,1629,64,1704,1692,12,1654,1651,3,1678,1636,42,6
37570,Wujal Wujal (S),29,25,4,35,31,4,45,52,-7,30,32,-2,23,20,3,46,32,14,42,46,-4,51,32,19,43,34,9,44,38,6,3
37600,Yarrabah (S),89,111,-22,95,109,-14,92,132,-40,84,100,-16,83,108,-25,73,98,-25,80,98,-18,85,100,-15,106,119,-13,92,113,-21,3
45400,Orroroo/Carrieton (DC),70,90,-20,82,102,-20,55,67,-12,38,51,-13,59,52,7,55,32,23,29,49,-20,40,39,1,42,63,-21,40,32,8,4
40070,Adelaide (C),3842,3769,73,3763,3701,62,3542,3554,-12,3159,3242,-83,3156,3421,-265,3167,3303,-136,3007,3408,-401,3007,3311,-304,2945,3188,-243,2924,3174,-250,4
40120,Adelaide Hills (DC),3725,3996,-271,3330,3704,-374,3093,3336,-243,2754,2973,-219,2642,2825,-183,2598,2789,-191,2461,2603,-142,2472,2711,-239,2571,2626,-55,2550,2740,-190,4
40220,Alexandrina (DC),2462,1976,486,2348,1993,355,2032,1671,361,2111,1513,598,2024,1595,429,1953,1526,427,1874,1571,303,1930,1541,389,1951,1478,473,2117,1710,407,4
45090,Naracoorte and Lucindale (DC),578,783,-205,540,664,-124,506,609,-103,451,566,-115,452,514,-62,387,573,-186,470,468,2,402,534,-132,383,525,-142,476,546,-70,4
45120,Northern Areas (DC),439,405,34,362,429,-67,377,375,2,327,359,-32,302,375,-73,251,288,-37,234,246,-12,251,255,-4,246,239,7,239,274,-35,4
45290,Norwood Payneham St Peters (C),4722,5039,-317,4506,4602,-96,4145,4453,-308,3854,4159,-305,3787,4148,-361,3638,3915,-277,3556,3734,-178,3553,3887,-334,3348,3736,-388,3644,4012,-368,4
40700,Burnside (C),5007,5397,-390,4596,4891,-295,4324,4710,-386,3845,4180,-335,3888,4060,-172,3791,3988,-197,3753,3948,-195,3812,3965,-153,3760,3864,-104,3920,4111,-191,4
40910,Campbelltown (C),3947,4420,-473,3872,4320,-448,3778,4147,-369,3380,3816,-436,3575,3974,-399,3428,3561,-133,3414,3676,-262,3456,3776,-320,3441,3808,-367,3552,4119,-567,4
41190,Cleve (DC),144,198,-54,111,193,-82,147,161,-14,99,109,-10,74,125,-51,101,134,-33,51,97,-46,102,102,0,63,95,-32,87,98,-11,4
45340,Onkaparinga (C),9657,9868,-211,9613,9404,209,9494,9288,206,8707,8510,197,8692,8201,491,8260,8061,199,7681,7937,-256,8144,7987,157,7876,7662,214,8320,8132,188,4
41830,Flinders Ranges (DC),248,223,25,208,197,11,125,195,-70,161,159,2,171,142,29,106,158,-52,88,135,-47,122,112,10,122,169,-47,128,150,-22,4
41960,Franklin Harbour (DC),126,117,9,101,98,3,111,110,1,106,96,10,118,123,-5,97,103,-6,109,73,36,113,83,30,78,71,7,107,110,-3,4
46970,Roxby Downs (M),1054,990,64,1076,983,93,693,874,-181,498,731,-233,638,779,-141,637,681,-44,428,651,-223,460,586,-126,510,585,-75,438,745,-307,4
47140,Salisbury (C),10412,10188,224,10520,10321,199,11049,11175,-126,10052,10112,-60,10379,10503,-124,9505,10488,-983,9349,9895,-546,9571,10477,-906,9194,10312,-1118,9743,10760,-1017,4
47290,Southern Mallee (DC),245,271,-26,229,291,-62,193,215,-22,128,204,-76,119,197,-78,121,174,-53,109,154,-45,128,138,-10,119,160,-41,147,161,-14,4
47490,Streaky Bay (DC),206,189,17,183,197,-14,157,185,-28,135,153,-18,134,154,-20,147,89,58,102,175,-73,147,135,12,128,123,5,139,144,-5,4
47630,Tatiara (DC),442,620,-178,377,551,-174,419,485,-66,340,443,-103,345,437,-92,333,440,-107,337,486,-149,353,404,-51,336,426,-90,346,436,-90,4
47700,Tea Tree Gully (C),7544,8439,-895,7203,8109,-906,6940,7823,-883,6471,6912,-441,6431,7037,-606,6238,6501,-263,5648,6543,-895,5891,6513,-622,6027,6242,-215,6352,6594,-242,4
47800,The Coorong (DC),601,674,-73,611,799,-188,545,625,-80,403,490,-87,395,455,-60,387,438,-51,345,412,-67,394,383,11,339,437,-98,388,473,-85,4
42030,Gawler (T),2355,1955,400,2348,1939,409,2155,1771,384,2162,1890,272,2148,1947,201,2117,1898,219,2112,1751,361,2314,1822,492,2171,1863,308,2496,2021,475,4
42110,Goyder (DC),374,418,-44,375,417,-42,318,371,-53,272,325,-53,240,314,-74,298,288,10,271,262,9,251,242,9,282,283,-1,284,263,21,4
42250,Grant (DC),956,735,221,879,662,217,580,565,15,537,482,55,470,457,13,493,462,31,382,396,-14,414,341,73,435,428,7,466,393,73,4
47910,Tumby Bay (DC),212,211,1,257,187,70,231,173,58,184,195,-11,161,130,31,192,147,45,161,153,8,164,194,-30,182,159,23,193,187,6,4
70200,Alice Springs (T),2274,2821,-547,2797,3025,-228,2818,3028,-210,2630,2771,-141,2636,3089,-453,2434,2973,-539,2105,2703,-598,2147,2981,-834,2129,2791,-662,2228,2844,-616,7
42600,Holdfast Bay (C),4688,4629,59,4628,4450,178,4013,4338,-325,3894,3907,-13,3676,3900,-224,3410,3487,-77,3357,3521,-164,3481,3589,-108,3347,3326,21,3546,3683,-137,4
42750,Kangaroo Island (DC),308,345,-37,334,345,-11,303,322,-19,291,310,-19,270,315,-45,279,323,-44,262,299,-37,244,235,9,240,252,-12,259,253,6,4
43220,Kimba (DC),74,104,-30,57,70,-13,37,62,-25,44,41,3,58,61,-3,47,67,-20,55,58,-3,37,73,-36,46,47,-1,51,68,-17,4
43360,Kingston (DC),199,223,-24,201,216,-15,177,156,21,101,140,-39,138,144,-6,114,132,-18,141,110,31,126,136,-10,149,160,-11,183,141,42,4
43650,Light (RegC),1472,1323,149,1382,1359,23,1250,1064,186,1345,1145,200,1280,1149,131,1274,1049,225,1237,1051,186,1268,989,279,1099,1059,40,1285,1064,221,4
43710,Lower Eyre Peninsula (DC),243,271,-28,211,275,-64,243,256,-13,237,183,54,221,239,-18,358,302,56,332,346,-14,265,314,-49,285,335,-50,336,346,-10,4
43790,Loxton Waikerie (DC),887,992,-105,724,945,-221,694,836,-142,651,727,-76,673,703,-30,630,713,-83,632,638,-6,683,659,24,653,624,29,633,726,-93,4
43920,Mallala (DC),840,738,102,703,793,-90,652,674,-22,639,552,87,636,655,-19,679,632,47,598,605,-7,619,558,61,570,520,50,610,579,31,4
50250,Ashburton (S),1152,1178,-26,1026,1150,-124,1029,1014,15,1012,1063,-51,1168,1072,96,1093,1035,58,1017,1110,-93,945,1033,-88,812,945,-133,754,1071,-317,5
50280,Augusta-Margaret River (S),1380,1212,168,1076,1137,-61,1007,1027,-20,871,968,-97,853,833,20,923,787,136,931,752,179,967,747,220,944,708,236,1019,782,237,5
44000,Maralinga Tjarutja (AC),15,6,9,7,7,0,9,4,5,9,6,3,11,14,-3,30,13,17,28,9,19,26,11,15,23,2,21,22,9,13,4
44060,Marion (C),7977,8373,-396,7946,8469,-523,7608,8169,-561,7420,7604,-184,7378,7896,-518,7019,7409,-390,6730,7337,-607,6766,7440,-674,6864,7396,-532,7385,7951,-566,4
44210,Mid Murray (DC),694,725,-31,635,656,-21,655,683,-28,603,561,42,526,522,4,510,548,-38,570,531,39,590,466,124,628,502,126,641,593,48,4
44340,Mitcham (C),5901,5966,-65,5531,6142,-611,5316,5752,-436,4615,5242,-627,4612,5049,-437,4623,4747,-124,4515,4661,-146,4553,4561,-8,4348,4712,-364,4553,5055,-502,4
44550,Mount Barker (DC),2922,2739,183,2870,2473,397,2562,2202,360,2500,2177,323,2415,2153,262,2505,2163,342,2331,2098,233,2465,1999,466,2456,2131,325,2661,2315,346,4
44620,Mount Gambier (C),2122,2226,-104,1942,2158,-216,1766,1818,-52,1682,1614,68,1556,1650,-94,1633,1693,-60,1455,1618,-163,1509,1623,-114,1444,1574,-130,1560,1733,-173,4
44830,Mount Remarkable (DC),212,242,-30,221,219,2,190,221,-31,181,206,-25,209,151,58,161,180,-19,139,163,-24,153,147,6,139,152,-13,127,167,-40,4
45040,Murray Bridge (RC),1715,1581,134,1979,1593,386,1756,1668,88,1357,1389,-32,1419,1342,77,1187,1299,-112,1311,1291,20,1262,1374,-112,1254,1321,-67,1375,1325,50,4
57080,Perth (C),3638,3517,121,3574,3549,25,3615,3786,-171,3736,3550,186,3938,3515,423,3813,3837,-24,3467,3955,-488,3624,3589,35,3982,3612,370,4321,4096,225,5
45540,Peterborough (DC),155,132,23,162,136,26,134,199,-65,122,132,-10,134,129,5,133,155,-22,94,120,-26,112,131,-19,111,130,-19,139,96,43,4
45680,Playford (C),6376,5970,406,7158,6375,783,7620,6453,1167,7470,6377,1093,8099,6450,1649,7626,6406,1220,7253,6529,724,7644,6962,682,7390,6689,701,7378,7208,170,4
45890,Port Adelaide Enfield (C),10672,11326,-654,10640,11490,-850,10819,11681,-862,10185,10978,-793,10549,11083,-534,10107,10729,-622,10356,10751,-395,10307,11013,-706,10023,10900,-877,10413,11490,-1077,4
46090,Port Augusta (C),1170,1164,6,1056,1193,-137,1115,1139,-24,950,973,-23,874,1085,-211,798,906,-108,835,832,3,817,941,-124,860,951,-91,855,960,-105,4
46300,Port Lincoln (C),1148,1196,-48,1143,1095,48,1286,1159,127,1083,1009,74,1107,1087,20,887,979,-92,921,845,76,948,861,87,745,854,-109,879,862,17,4
46450,Port Pirie City and Dists (M),1093,1104,-11,985,1093,-108,1045,1144,-99,1048,975,73,921,1057,-136,953,984,-31,917,920,-3,970,1012,-42,763,889,-126,899,949,-50,4
46510,Prospect (C),2700,2836,-136,2569,2816,-247,2417,2684,-267,2263,2530,-267,2196,2574,-378,2225,2392,-167,2231,2319,-88,2155,2503,-348,2194,2390,-196,2193,2562,-369,4
46670,Renmark Paringa (DC),749,899,-150,566,761,-195,649,772,-123,559,764,-205,463,649,-186,501,633,-132,480,602,-122,490,598,-108,559,576,-17,604,644,-40,4
46860,Robe (DC),140,123,17,93,133,-40,103,92,11,112,105,7,100,111,-11,120,107,13,100,119,-19,101,104,-3,75,84,-9,102,124,-22,4
57140,Pingelly (S),155,151,4,105,138,-33,129,118,11,146,108,38,102,85,17,85,125,-40,119,107,12,95,105,-10,108,105,3,75,111,-36,5
47980,Unley (C),4894,5316,-422,4654,4964,-310,4359,4680,-321,4074,4353,-279,3922,4308,-386,3974,4054,-80,3670,4007,-337,3663,3759,-96,3516,3702,-186,3704,3938,-234,4
48050,Victor Harbor (C),1393,1108,285,1445,1005,440,1350,1005,345,1319,902,417,1281,941,340,1185,935,250,1186,861,325,1279,914,365,1199,893,306,1236,978,258,4
48130,Wakefield (DC),589,656,-67,599,593,6,584,551,33,524,467,57,562,531,31,461,475,-14,437,477,-40,513,475,38,404,480,-76,454,544,-90,4
51960,Coolgardie (S),625,705,-80,667,755,-88,464,714,-250,456,574,-118,495,533,-38,564,589,-25,412,531,-119,319,499,-180,368,478,-110,367,562,-195,5
74050,Tiwi Islands (S),155,111,44,133,111,22,136,113,23,143,135,8,142,134,8,125,128,-3,108,122,-14,124,135,-11,141,138,3,138,143,-5,7
74500,Victoria-Daly (S),377,424,-47,487,398,89,404,466,-62,289,430,-141,332,455,-123,339,421,-82,331,408,-77,329,404,-75,320,428,-108,376,466,-90,7
48640,Wudinna (DC),83,174,-91,101,111,-10,98,119,-21,74,67,7,83,94,-11,51,67,-16,77,68,9,41,66,-25,53,83,-30,50,91,-41,4
48750,Yankalilla (DC),509,469,40,486,399,87,504,376,128,466,352,114,417,398,19,429,381,48,378,325,53,416,287,129,410,308,102,445,366,79,4
48830,Yorke Peninsula (DC),763,838,-75,799,773,26,686,732,-46,708,685,23,713,651,62,628,668,-40,662,656,6,564,604,-40,570,528,42,715,588,127,4
49399,Unincorporated SA,557,574,-17,538,569,-31,457,533,-76,363,440,-77,346,516,-170,342,350,-8,297,394,-97,272,384,-112,277,325,-48,249,387,-138,4
52660,Dardanup (S),1701,1330,371,1776,1527,249,1702,1487,215,1653,1495,158,1645,1508,137,1591,1411,180,1471,1248,223,1405,1336,69,1383,1186,197,1576,1478,98,5
52730,Denmark (S),515,419,96,472,409,63,493,389,104,469,392,77,461,387,74,455,320,135,506,387,119,469,427,42,494,400,94,496,433,63,5
52800,Derby-West Kimberley (S),636,811,-175,574,689,-115,633,673,-40,615,636,-21,525,690,-165,594,611,-17,819,631,188,736,778,-42,709,783,-74,665,802,-137,5
52870,Donnybrook-Balingup (S),537,509,28,559,534,25,502,420,82,457,378,79,495,440,55,420,372,48,469,361,108,448,389,59,472,484,-12,491,469,22,5
61210,Circular Head (M),476,531,-55,391,527,-136,408,493,-85,328,489,-161,384,499,-115,379,498,-119,334,400,-66,413,436,-23,348,435,-87,414,482,-68,6
61410,Clarence (C),3801,3647,154,3552,3603,-51,3810,3694,116,3624,3263,361,3516,3300,216,3158,3225,-67,3105,3007,98,3092,3034,58,3230,2948,282,3437,3082,355,6
61510,Derwent Valley (M),741,788,-47,790,727,63,771,835,-64,729,718,11,600,681,-81,600,646,-46,545,650,-105,662,588,74,555,551,4,586,610,-24,6
61610,Devonport (C),1965,2071,-106,2086,1891,195,2068,1922,146,1703,1845,-142,1990,1747,243,1625,1794,-169,1354,1598,-244,1619,1692,-73,1489,1506,-17,1597,1684,-87,6
61810,Dorset (M),405,490,-85,473,415,58,469,430,39,356,377,-21,367,413,-46,386,441,-55,368,369,-1,322,378,-56,317,380,-63,313,332,-19,6
62010,Flinders (M),63,71,-8,75,70,5,45,92,-47,56,67,-11,75,73,2,70,46,24,43,57,-14,58,48,10,49,31,18,38,39,-1,6
62210,George Town (M),449,575,-126,458,559,-101,586,531,55,491,537,-46,507,505,2,378,483,-105,456,445,11,411,448,-37,435,464,-29,496,435,61,6
62410,Glamorgan/Spring Bay (M),284,320,-36,346,370,-24,356,349,7,332,333,-1,338,319,19,258,261,-3,293,264,29,350,297,53,282,261,21,293,261,32,6
62610,Glenorchy (C),3906,4277,-371,4098,4051,47,4010,4182,-172,3659,3930,-271,3623,3901,-278,3154,3621,-467,3068,3430,-362,3117,3497,-380,3045,3323,-278,3339,3340,-1,6
62810,Hobart (C),5249,5447,-198,5141,5194,-53,5117,5328,-211,4688,4622,66,4396,4631,-235,3811,4613,-802,3823,4086,-263,3925,4245,-320,3787,3886,-99,4031,4269,-238,6
63010,Huon Valley (M),1157,1105,52,1191,1036,155,1235,1082,153,1030,1078,-48,1010,1008,2,989,993,-4,1012,869,143,1015,941,74,1011,967,44,1109,927,182,6
48260,Walkerville (M),978,1010,-32,871,1003,-132,886,881,5,807,835,-28,811,808,3,856,774,82,796,854,-58,744,800,-56,894,775,119,876,891,-15,4
48340,Wattle Range (DC),834,975,-141,806,826,-20,691,838,-147,606,716,-110,579,763,-184,571,655,-84,530,627,-97,541,630,-89,550,593,-43,536,631,-95,4
48410,West Torrens (C),6541,6761,-220,6281,6823,-542,6022,6677,-655,5648,6031,-383,5396,5817,-421,5311,5864,-553,5163,5655,-492,5362,6059,-697,5071,5847,-776,5170,5932,-762,4
48540,Whyalla (C),1293,1152,141,1212,1238,-26,1160,1313,-153,1076,1201,-125,1235,1222,13,1149,1153,-4,938,1261,-323,1016,1086,-70,965,1128,-163,919,1251,-332,4
50080,Albany (C),2418,2239,179,2419,2305,114,2380,2089,291,2097,2087,10,1929,1986,-57,2044,2070,-26,2239,1917,322,2358,1974,384,2395,1869,526,2376,2109,267,5
54130,Jerramungup (S),114,141,-27,109,163,-54,86,151,-65,108,125,-17,91,101,-10,81,102,-21,94,78,16,114,92,22,94,110,-16,83,118,-35,5
54170,Joondalup (C),12081,16037,-3956,12099,15327,-3228,11860,15762,-3902,11497,13919,-2422,11014,13578,-2564,11375,12985,-1610,11248,12378,-1130,10469,12447,-1978,9888,11636,-1748,9792,12191,-2399,5
54200,Kalamunda (S),5105,5554,-449,4648,5131,-483,5098,5159,-61,4610,4839,-229,4454,4565,-111,4465,4299,166,4340,4233,107,4492,4693,-201,4073,4334,-261,4227,4713,-486,5
50210,Armadale (C),5276,5273,3,5722,4787,935,6578,5417,1161,7164,5220,1944,7784,5650,2134,7881,5579,2302,7977,5714,2263,8656,6461,2195,8501,6288,2213,8946,7599,1347,5
51680,Chittering (S),565,426,139,542,439,103,573,444,129,493,360,133,496,420,76,568,437,131,654,512,142,616,457,159,570,482,88,577,565,12,5
54690,Koorda (S),48,41,7,48,50,-2,36,56,-20,32,53,-21,44,38,6,13,38,-25,24,41,-17,33,38,-5,45,29,16,44,57,-13,5
54760,Kulin (S),75,122,-47,72,77,-5,71,73,-2,70,77,-7,66,72,-6,29,70,-41,41,39,2,48,58,-10,65,53,12,45,76,-31,5
54830,Kwinana (T),3092,2697,395,3211,2733,478,3906,2966,940,3557,2978,579,3598,2960,638,3999,3177,822,4019,3407,612,4461,3832,629,4694,3751,943,5106,3979,1127,5
54900,Lake Grace (S),135,281,-146,122,214,-92,181,207,-26,109,177,-68,118,173,-55,115,169,-54,98,135,-37,86,161,-75,92,170,-78,88,110,-22,5
51750,Claremont (T),1377,1435,-58,1168,1306,-138,1147,1209,-62,1182,1206,-24,1181,1227,-46,1219,1067,152,1163,1071,92,1103,1042,61,1120,1060,60,1175,1109,66,5
51820,Cockburn (C),7924,7152,772,8272,7301,971,8548,7706,842,8386,7555,831,8600,7395,1205,8615,7456,1159,8155,7516,639,8583,8026,557,8231,8222,9,8739,8551,188,5
51890,Collie (S),549,678,-129,607,648,-41,675,645,30,611,590,21,608,605,3,635,612,23,567,522,45,613,588,25,543,630,-87,572,697,-125,5
63210,Kentish (M),583,567,16,677,644,33,611,576,35,521,614,-93,572,627,-55,503,523,-20,531,388,143,422,478,-56,386,425,-39,438,434,4,6
52100,Corrigin (S),118,148,-30,136,134,2,90,116,-26,95,73,22,80,114,-34,72,98,-26,73,82,-9,96,102,-6,75,109,-34,71,77,-6,5
52170,Cottesloe (T),1095,1142,-47,1081,1063,18,992,1074,-82,915,1025,-110,967,959,8,910,977,-67,870,893,-23,780,857,-77,719,826,-107,835,902,-67,5
52240,Cranbrook (S),121,164,-43,119,116,3,100,116,-16,69,110,-41,85,96,-11,101,97,4,80,92,-12,78,72,6,81,87,-6,91,86,5,5
52310,Cuballing (S),67,69,-2,61,72,-11,67,72,-5,62,74,-12,40,62,-22,64,49,15,61,68,-7,54,43,11,77,37,40,52,86,-34,5
52380,Cue (S),58,64,-6,30,88,-58,44,48,-4,29,55,-26,46,40,6,47,36,11,33,30,3,40,47,-7,31,24,7,28,47,-19,5
52450,Cunderdin (S),120,167,-47,117,160,-43,99,144,-45,106,142,-36,108,123,-15,103,80,23,93,107,-14,97,124,-27,95,96,-1,95,99,-4,5
52520,Dalwallinu (S),126,186,-60,145,187,-42,133,178,-45,118,127,-9,85,125,-40,100,137,-37,90,133,-43,128,139,-11,84,108,-24,92,129,-37,5
52590,Dandaragan (S),495,428,67,391,394,-3,360,371,-11,306,260,46,258,369,-111,326,317,9,306,335,-29,354,256,98,348,300,48,367,340,27,5
52940,Dowerin (S),64,101,-37,72,82,-10,71,73,-2,40,61,-21,61,63,-2,53,65,-12,41,42,-1,60,68,-8,52,55,-3,27,50,-23,5
53010,Dumbleyung (S),88,89,-1,42,85,-43,60,92,-32,59,89,-30,56,73,-17,36,60,-24,45,44,1,33,47,-14,50,37,13,58,25,33,5
53080,Dundas (S),127,147,-20,125,122,3,159,179,-20,133,159,-26,121,204,-83,75,119,-44,65,174,-109,100,84,16,92,113,-21,105,128,-23,5
53150,East Fremantle (T),985,1101,-116,866,999,-133,942,970,-28,916,977,-61,932,874,58,948,990,-42,837,845,-8,876,940,-64,756,869,-113,892,887,5,5
53220,East Pilbara (S),1200,1311,-111,1206,1180,26,1336,1110,226,1007,1190,-183,992,1221,-229,1024,1089,-65,971,978,-7,912,1123,-211,764,1307,-543,900,1091,-191,5
53290,Esperance (S),1094,1086,8,1086,1137,-51,917,1157,-240,831,997,-166,796,964,-168,907,1001,-94,836,869,-33,855,866,-11,915,921,-6,899,1058,-159,5
53360,Exmouth (S),254,276,-22,275,245,30,267,239,28,307,234,73,224,216,8,221,200,21,222,230,-8,261,193,68,253,232,21,233,201,32,5
53430,Fremantle (C),3811,3712,99,3724,3840,-116,3806,3949,-143,3696,3904,-208,3614,3626,-12,3696,3614,82,3578,3527,51,3604,3656,-52,3467,3347,120,3395,3529,-134,5
53520,Geraldton-Greenough (C),3465,3126,339,3270,3013,257,3226,3061,165,2852,2925,-73,3102,2922,180,3013,2801,212,3009,2696,313,2745,2741,4,2487,2827,-340,2718,3152,-434,5
53570,Gingin (S),511,525,-14,536,495,41,461,439,22,354,413,-59,342,367,-25,404,371,33,460,360,100,457,368,89,463,379,84,434,445,-11,5
53640,Gnowangerup (S),142,219,-77,133,185,-52,117,166,-49,89,177,-88,84,122,-38,118,131,-13,115,133,-18,93,122,-29,87,99,-12,109,116,-7,5
54280,Kalgoorlie/Boulder (C),3863,4173,-310,4057,4228,-171,3569,4300,-731,3062,3959,-897,3146,4031,-885,3477,3864,-387,2833,3861,-1028,2246,3654,-1408,2078,3188,-1110,2188,3321,-1133,5
53710,Goomalling (S),78,69,9,91,69,22,84,62,22,81,93,-12,74,75,-1,68,72,-4,47,65,-18,73,80,-7,56,45,11,62,85,-23,5
53780,Gosnells (C),9867,9809,58,10212,9700,512,11065,10510,555,10786,10572,214,10614,10376,238,10550,10432,118,10419,10441,-22,10400,11164,-764,10043,11151,-1108,10181,11924,-1743,5
53920,Halls Creek (S),366,416,-50,288,467,-179,339,387,-48,271,349,-78,256,334,-78,325,344,-19,335,390,-55,360,315,45,273,439,-166,404,450,-46,5
53990,Harvey (S),2576,2041,535,2801,2185,616,2614,2356,258,2401,2182,219,2515,2213,302,2520,2101,419,2486,1971,515,2469,1988,481,2393,2039,354,2363,2327,36,5
54060,Irwin (S),432,328,104,406,370,36,426,373,53,402,370,32,331,309,22,296,315,-19,311,326,-15,348,314,34,346,313,33,305,332,-27,5
54340,Katanning (S),393,471,-78,377,495,-118,696,604,92,427,507,-80,328,415,-87,376,420,-44,397,404,-7,375,423,-48,283,411,-128,326,457,-131,5
54410,Kellerberrin (S),127,112,15,99,99,0,132,114,18,67,81,-14,75,79,-4,79,74,5,67,93,-26,66,59,7,68,89,-21,66,83,-17,5
54480,Kent (S),47,51,-4,34,44,-10,35,55,-20,28,45,-17,32,55,-23,44,54,-10,21,62,-41,30,35,-5,20,38,-18,29,34,-5,5
54550,Kojonup (S),163,289,-126,205,232,-27,162,244,-82,159,156,3,142,179,-37,156,161,-5,89,156,-67,118,164,-46,106,137,-31,72,133,-61,5
54620,Kondinin (S),97,135,-38,85,99,-14,74,93,-19,48,77,-29,56,92,-36,52,87,-35,43,107,-64,35,97,-62,52,69,-17,70,97,-27,5
54970,Laverton (S),159,170,-11,135,138,-3,173,168,5,152,162,-10,114,180,-66,138,154,-16,119,121,-2,108,106,2,95,103,-8,120,109,11,5
55040,Leonora (S),336,312,24,439,419,20,494,451,43,438,433,5,448,410,38,421,438,-17,310,435,-125,232,440,-208,180,483,-303,229,400,-171,5
55110,Mandurah (C),6501,4665,1836,6515,5079,1436,6983,5063,1920,6919,4962,1957,7173,5231,1942,7079,5356,1723,7860,5489,2371,7743,6075,1668,6812,5776,1036,7084,6390,694,5
55180,Manjimup (S),652,709,-57,674,775,-101,661,719,-58,543,702,-159,493,658,-165,455,622,-167,471,584,-113,581,555,26,586,656,-70,539,677,-138,5
55250,Meekatharra (S),241,261,-20,171,188,-17,158,220,-62,240,193,47,180,187,-7,206,223,-17,167,209,-42,121,241,-120,165,224,-59,137,250,-113,5
55320,Melville (C),8608,9357,-749,8241,9597,-1356,8610,9479,-869,7922,9299,-1377,7551,8794,-1243,7826,8192,-366,7781,8360,-579,7865,8144,-279,7525,8362,-837,7762,8554,-792,5
56620,Ngaanyatjarraku (S),248,194,54,229,213,16,215,202,13,187,154,33,194,180,14,156,171,-15,156,179,-23,157,169,-12,148,170,-22,179,238,-59,5
55390,Menzies (S),31,20,11,17,33,-16,37,25,12,37,26,11,13,31,-18,40,29,11,10,38,-28,24,28,-4,19,14,5,30,21,9,5
55460,Merredin (S),476,551,-75,341,485,-144,328,428,-100,332,375,-43,307,357,-50,217,346,-129,238,347,-109,309,337,-28,250,295,-45,271,304,-33,5
55530,Mingenew (S),72,75,-3,55,108,-53,63,98,-35,51,49,2,73,59,14,47,49,-2,64,51,13,47,57,-10,35,66,-31,53,50,3,5
55600,Moora (S),275,383,-108,277,352,-75,306,328,-22,211,289,-78,202,267,-65,217,255,-38,165,242,-77,213,263,-50,229,205,24,215,258,-43,5
55670,Morawa (S),79,77,2,83,78,5,61,94,-33,89,74,15,77,77,0,49,60,-11,52,52,0,38,46,-8,41,69,-28,51,66,-15,5
56930,Peppermint Grove (S),233,243,-10,221,241,-20,201,222,-21,182,199,-17,190,187,3,184,234,-50,178,207,-29,145,192,-47,121,174,-53,160,212,-52,5
55740,Mosman Park (T),1093,1289,-196,1084,1100,-16,1067,1095,-28,1046,1012,34,982,1057,-75,974,1017,-43,1013,1042,-29,1013,1033,-20,961,1015,-54,996,988,8,5
55810,Mount Magnet (S),97,119,-22,132,149,-17,127,113,14,100,143,-43,102,100,2,79,62,17,104,85,19,75,117,-42,57,122,-65,69,112,-43,5
55880,Mount Marshall (S),63,83,-20,58,45,13,27,48,-21,30,65,-35,29,74,-45,47,25,22,36,37,-1,43,39,4,29,66,-37,25,42,-17,5
55950,Mukinbudin (S),46,78,-32,37,63,-26,41,54,-13,25,56,-31,26,63,-37,26,63,-37,16,45,-29,31,33,-2,37,36,1,55,77,-22,5
56020,Mullewa (S),114,201,-87,118,159,-41,107,140,-33,87,125,-38,93,127,-34,99,132,-33,91,126,-35,70,120,-50,81,92,-11,66,126,-60,5
56090,Mundaring (S),3515,3455,60,3653,3694,-41,4180,3762,418,3724,3563,161,3389,3352,37,3609,3233,376,3724,3537,187,3500,3506,-6,3510,3545,-35,3540,3631,-91,5
57560,Roebourne (S),3687,3467,220,2948,3620,-672,2732,3206,-474,2456,2752,-296,2646,2622,24,2580,2632,-52,2525,2655,-130,2790,2640,150,2559,2825,-266,2521,2942,-421,5
56160,Murchison (S),6,6,0,16,17,-1,11,11,0,4,9,-5,10,4,6,5,14,-9,10,13,-3,13,9,4,6,10,-4,12,10,2,5
56230,Murray (S),1511,1472,39,1899,1239,660,1819,1309,510,1696,1284,412,1722,1380,342,1595,1279,316,1902,1268,634,1824,1508,316,1743,1311,432,1955,1494,461,5
56300,Nannup (S),141,164,-23,146,160,-14,119,143,-24,115,116,-1,111,119,-8,124,97,27,88,80,8,106,73,33,117,83,34,136,98,38,5
63410,King Island (M),111,130,-19,95,114,-19,108,142,-34,83,117,-34,83,110,-27,80,131,-51,94,93,1,75,93,-18,49,80,-31,71,79,-8,6
63610,Kingborough (M),2831,2417,414,2788,2540,248,2940,2607,333,2533,2052,481,2549,2263,286,2419,2267,152,2234,2107,127,2334,2208,126,2365,2126,239,2271,2157,114,6
63810,Latrobe (M),975,877,98,1067,907,160,1082,873,209,1140,737,403,1042,898,144,943,749,194,793,665,128,838,734,104,797,687,110,898,719,179,6
64010,Launceston (C),5221,5136,85,4953,5038,-85,4977,5149,-172,4283,4480,-197,4199,4385,-186,3817,4357,-540,3581,4162,-581,3556,4080,-524,3376,3832,-456,3627,3907,-280,6
64210,Meander Valley (M),1706,1817,-111,1710,1801,-91,1703,1764,-61,1479,1573,-94,1498,1535,-37,1381,1480,-99,1299,1476,-177,1317,1429,-112,1299,1270,29,1377,1327,50,6
64610,Northern Midlands (M),1039,1225,-186,1106,1159,-53,1163,1174,-11,948,959,-11,950,906,44,928,972,-44,860,899,-39,857,838,19,794,864,-70,918,904,14,6
56370,Narembeen (S),73,122,-49,71,116,-45,66,98,-32,56,84,-28,68,86,-18,55,77,-22,51,78,-27,44,80,-36,55,67,-12,39,51,-12,5
56450,Narrogin (S),209,190,19,153,130,23,122,120,2,90,104,-14,85,90,-5,227,169,58,251,198,53,280,262,18,244,179,65,228,163,65,5
56730,Northam (S),1052,1072,-20,1063,962,101,1041,987,54,963,1031,-68,900,922,-22,919,784,135,928,965,-37,1008,1002,6,935,1038,-103,956,1036,-80,5
56790,Northampton (S),337,332,5,336,305,31,329,347,-18,303,323,-20,289,334,-45,305,296,9,274,315,-41,273,330,-57,254,279,-25,326,351,-25,5
56860,Nungarin (S),34,22,12,22,40,-18,26,45,-19,9,24,-15,12,14,-2,22,18,4,15,8,7,15,22,-7,6,27,-21,27,40,-13,5
57000,Perenjori (S),71,123,-52,97,94,3,113,112,1,92,86,6,85,101,-16,84,103,-19,70,117,-47,83,79,4,79,95,-16,70,116,-46,5
57630,Sandstone (S),10,13,-3,19,6,13,20,22,-2,27,16,11,6,19,-13,24,10,14,11,12,-1,2,18,-16,16,19,-3,2,10,-8,5
57700,Serpentine-Jarrahdale (S),1734,1267,467,1979,1252,727,2199,1297,902,2045,1514,531,2447,1512,935,2450,1397,1053,2390,1659,731,2758,1714,1044,3067,1621,1446,3624,1990,1634,5
57770,Shark Bay (S),122,127,-5,135,109,26,121,133,-12,110,123,-13,143,114,29,133,130,3,143,124,19,160,111,49,86,116,-30,103,140,-37,5
57840,South Perth (C),5288,5672,-384,5283,5407,-124,4772,5433,-661,4407,5347,-940,4449,4912,-463,4745,4633,112,4348,4782,-434,3944,4904,-960,3968,4623,-655,4293,4772,-479,5
57910,Stirling (C),19545,20638,-1093,19546,20421,-875,20061,21193,-1132,18587,19585,-998,18640,19546,-906,19172,18855,317,18406,19321,-915,17840,20036,-2196,16524,19173,-2649,17164,20555,-3391,5
57980,Subiaco (C),2504,2626,-122,2470,2558,-88,2374,2561,-187,2216,2249,-33,2212,2272,-60,2107,2566,-459,2133,2221,-88,2027,2104,-77,2316,2313,3,2280,2326,-46,5
58050,Swan (C),10713,9275,1438,11289,9430,1859,11985,10253,1732,10695,9648,1047,10315,9402,913,10851,8933,1918,11788,9595,2193,12094,9301,2793,12083,9636,2447,13659,10303,3356,5
58190,Tammin (S),30,54,-24,53,50,3,55,30,25,51,45,6,18,40,-22,34,51,-17,31,37,-6,55,62,-7,34,41,-7,49,34,15,5
58260,Three Springs (S),64,94,-30,105,115,-10,107,88,19,75,105,-30,67,109,-42,45,65,-20,95,75,20,61,80,-19,83,73,10,48,60,-12,5
58330,Toodyay (S),542,524,18,524,510,14,503,515,-12,423,433,-10,407,436,-29,381,349,32,401,401,0,411,435,-24,424,498,-74,429,446,-17,5
72800,Palmerston (C),6264,5189,1075,6358,5393,965,6145,5611,534,5981,5622,359,5601,5604,-3,5996,5561,435,6003,5116,887,5557,5380,177,5594,5534,60,5879,5726,153,7
73600,Roper Gulf (S),497,568,-71,669,512,157,630,560,70,375,517,-142,440,594,-154,397,589,-192,410,515,-105,413,555,-142,397,515,-118,477,589,-112,7
58400,Trayning (S),40,48,-8,30,36,-6,29,44,-15,19,26,-7,28,26,2,39,17,22,36,17,19,28,28,0,9,20,-11,21,41,-20,5
58470,Upper Gascoyne (S),18,6,12,6,20,-14,9,16,-7,22,5,17,16,10,6,11,16,-5,25,14,11,12,32,-20,22,14,8,11,22,-11,5
58510,Victoria Park (T),4868,4997,-129,4673,4955,-282,4668,5247,-579,4502,5150,-648,4466,4794,-328,4346,4771,-425,4209,4825,-616,4154,5217,-1063,4069,4724,-655,4280,5262,-982,5
58540,Victoria Plains (S),59,97,-38,75,80,-5,51,64,-13,51,54,-3,53,83,-30,47,94,-47,46,60,-14,68,52,16,62,77,-15,76,68,8,5
74560,Wagait (S),51,39,12,20,21,-1,29,27,2,13,18,-5,13,20,-7,10,16,-6,9,8,1,8,13,-5,13,15,-2,15,20,-5,7
74660,West Arnhem (S),643,683,-40,569,618,-49,596,579,17,411,504,-93,409,505,-96,314,461,-147,310,342,-32,316,382,-66,316,413,-97,339,410,-71,7
79399,Unincorporated NT,793,854,-61,904,931,-27,1019,897,122,736,893,-157,820,959,-139,830,1007,-177,744,975,-231,715,969,-254,787,1114,-327,850,982,-132,7
58570,Vincent (T),5186,5152,34,4778,4964,-186,4523,5201,-678,4499,4601,-102,4484,4495,-11,4334,4689,-355,4119,4591,-472,4074,4301,-227,4211,4188,23,4701,4794,-93,5
58610,Wagin (S),234,258,-24,126,186,-60,156,196,-40,172,167,5,142,160,-18,125,127,-2,122,132,-10,122,145,-23,115,117,-2,141,174,-33,5
58680,Wandering (S),55,43,12,40,47,-7,34,35,-1,66,53,13,44,32,12,55,49,6,48,34,14,38,32,6,42,32,10,30,33,-3,5
58760,Wanneroo (C),15726,10659,5067,15431,11201,4230,16575,11697,4878,14611,11712,2899,15290,11381,3909,14901,11537,3364,15243,11911,3332,14915,12567,2348,14036,12145,1891,14558,13114,1444,5
58820,Waroona (S),413,391,22,440,407,33,320,452,-132,315,328,-13,357,338,19,349,331,18,410,307,103,439,325,114,375,340,35,382,388,-6,5
58890,West Arthur (S),113,124,-11,80,92,-12,92,95,-3,56,66,-10,60,56,4,48,93,-45,44,70,-26,28,43,-15,39,67,-28,41,56,-15,5
59030,Westonia (S),35,30,5,11,50,-39,14,28,-14,18,20,-2,14,25,-11,18,13,5,24,12,12,12,13,-1,15,30,-15,10,12,-2,5
59100,Wickepin (S),52,50,2,69,75,-6,68,65,3,66,59,7,49,66,-17,66,68,-2,47,68,-21,41,71,-30,57,43,14,32,59,-27,5
59170,Williams (S),94,102,-8,107,90,17,106,108,-2,75,91,-16,49,76,-27,56,71,-15,53,92,-39,73,79,-6,92,52,40,66,81,-15,5
59250,Wiluna (S),70,87,-17,65,86,-21,69,70,-1,68,86,-18,57,77,-20,46,92,-46,60,89,-29,72,68,4,57,92,-35,50,94,-44,5
59310,Wongan-Ballidu (S),114,204,-90,111,171,-60,133,128,5,144,129,15,103,141,-38,131,155,-24,104,136,-32,84,147,-63,89,179,-90,112,112,0,5
59320,Woodanilling (S),39,38,1,27,22,5,38,23,15,45,32,13,32,42,-10,11,24,-13,18,16,2,36,31,5,24,23,1,25,25,0,5
59330,Wyalkatchem (S),59,89,-30,68,76,-8,35,69,-34,33,48,-15,57,55,2,51,47,4,56,45,11,41,57,-16,58,35,23,54,59,-5,5
59340,Wyndham-East Kimberley (S),731,839,-108,888,880,8,862,896,-34,874,846,28,841,822,19,828,768,60,805,802,3,720,874,-154,728,836,-108,805,908,-103,5
59350,Yalgoo (S),40,31,9,46,61,-15,46,39,7,35,42,-7,41,14,27,20,33,-13,32,32,0,33,44,-11,21,34,-13,21,30,-9,5
59360,Yilgarn (S),214,208,6,147,185,-38,154,181,-27,138,125,13,149,217,-68,121,169,-48,95,133,-38,92,154,-62,83,164,-81,92,137,-45,5
59370,York (S),370,327,43,392,329,63,381,336,45,349,257,92,284,298,-14,305,299,6,270,295,-25,288,313,-25,296,310,-14,329,346,-17,5
60210,Break O'Day (M),497,554,-57,522,526,-4,628,451,177,526,456,70,461,477,-16,422,437,-15,404,435,-31,465,403,62,453,441,12,443,424,19,6
60410,Brighton (M),1646,1396,250,1472,1351,121,1626,1390,236,1498,1224,274,1405,1244,161,1251,1291,-40,1121,1243,-122,1262,1253,9,1198,1140,58,1339,1293,46,6
60610,Burnie (C),1586,1779,-193,1688,1713,-25,1677,1552,125,1279,1477,-198,1479,1532,-53,1302,1420,-118,1100,1479,-379,1183,1485,-302,1187,1345,-158,1116,1437,-321,6
60810,Central Coast (M),1455,1537,-82,1548,1501,47,1568,1493,75,1316,1351,-35,1385,1433,-48,1278,1326,-48,1151,1163,-12,1268,1200,68,1192,1196,-4,1270,1331,-61,6
61010,Central Highlands (M),243,233,10,218,205,13,231,233,-2,215,205,10,179,191,-12,172,181,-9,150,172,-22,163,167,-4,140,155,-15,171,178,-7,6
70420,Barkly (S),894,761,133,843,799,44,743,766,-23,587,702,-115,627,732,-105,522,693,-171,572,649,-77,571,709,-138,621,668,-47,610,763,-153,7
70540,Belyuen (S),11,12,-1,6,8,-2,4,7,-3,6,9,-3,5,10,-5,4,5,-1,4,5,-1,4,5,-1,8,6,2,7,6,1,7
70620,Central Desert (S),651,710,-59,698,661,37,657,641,16,439,508,-69,450,453,-3,337,431,-94,345,433,-88,351,438,-87,352,411,-59,418,473,-55,7
70700,Coomalie (S),145,176,-31,186,164,22,143,176,-33,185,196,-11,184,192,-8,190,178,12,167,172,-5,136,160,-24,168,174,-6,148,189,-41,7
71000,Darwin (C),10008,10291,-283,10011,9797,214,10124,10065,59,9650,9865,-215,8559,10230,-1671,9360,9916,-556,9020,9698,-678,8228,10200,-1972,8360,10028,-1668,8534,10228,-1694,7
71300,East Arnhem (S),586,648,-62,654,696,-42,705,709,-4,509,708,-199,575,757,-182,500,664,-164,408,558,-150,423,628,-205,421,677,-256,529,655,-126,7
72200,Katherine (T),1469,1487,-18,1417,1549,-132,1415,1407,8,1296,1247,49,1440,1457,-17,1517,1452,65,1158,1287,-129,1339,1335,4,1320,1318,2,1534,1633,-99,7
72300,Litchfield (M),2494,2023,471,2426,2119,307,2423,2107,316,2465,2182,283,2544,2129,415,2344,2065,279,2091,1921,170,2343,1983,360,2399,2117,282,2520,2099,421,7
72330,MacDonnell (S),701,772,-71,846,832,14,875,772,103,605,673,-68,639,644,-5,515,597,-82,509,602,-93,523,594,-71,549,586,-37,622,694,-72,7
