LGA_MAIN11,Num_MVs_per_dweling_0_MVs,Num_MVs_per_dweling_1_MVs,Num_MVs_per_dweling_2_MVs,Num_MVs_per_dweling_3_MVs,Num_MVs_per_dweling_4mo_MVs,Num_MVs_per_dweling_Tot,Num_MVs_NS,Total_dwelings,LGA_NAME11
13650,92,487,598,257,117,1551,62,1613,Guyra (A)
13660,128,685,675,325,142,1955,61,2016,Gwydir (A)
13700,107,463,534,188,103,1395,43,1438,Harden (A)
13800,1009,5893,7886,3214,2275,20277,567,20844,Hawkesbury (C)
13850,99,415,399,117,80,1110,56,1166,Hay (A)
13950,4003,13418,10378,2767,1368,31934,1079,33013,Holroyd (C)
14000,3788,19022,20372,5845,2694,51721,951,52672,Hornsby (A)
14100,419,1510,1729,480,240,4378,109,4487,Hunters Hill (A)
14150,3537,11306,8658,2311,967,26779,769,27548,Hurstville (C)
14200,523,2147,2123,713,347,5853,228,6081,Inverell (A)
14250,36,154,194,80,64,528,17,545,Jerilderie (A)
14300,132,630,664,242,146,1814,73,1887,Junee (A)
14350,902,4224,3603,1099,446,10274,342,10616,Kempsey (A)
14400,341,2574,2998,890,404,7207,208,7415,Kiama (A)
14450,2256,7801,6270,1744,764,18835,513,19348,Kogarah (C)
14500,1478,11294,16024,4574,1796,35166,609,35775,Ku-ring-gai (A)
14550,229,1438,1267,386,171,3491,112,3603,Kyogle (A)
14600,191,777,844,367,181,2360,116,2476,Lachlan (A)
14650,5026,24666,26347,8418,3964,68421,2137,70558,Lake Macquarie (C)
14700,1135,5391,4020,825,272,11643,237,11880,Lane Cove (A)
14750,281,1280,1388,454,257,3660,130,3790,Leeton (A)
14800,3166,10700,5910,823,234,20833,484,21317,Leichhardt (A)
14850,1311,6188,5964,1702,699,15864,480,16344,Lismore (C)
14870,831,2664,2594,872,488,7449,335,7784,Lithgow (C)
14900,5026,16426,19711,6932,3433,51528,2066,53594,Liverpool (C)
14920,215,1038,1015,385,202,2855,96,2951,Liverpool Plains (A)
14950,42,316,438,176,114,1086,40,1126,Lockhart (A)
15050,1635,7679,9571,3030,1543,23458,639,24097,Maitland (C)
15150,1857,6692,4908,1001,312,14770,364,15134,Manly (A)
15200,6251,14938,6409,1077,416,29091,886,29977,Marrickville (A)
15270,527,2877,3097,1045,511,8057,305,8362,Mid-Western Regional (A)
15300,474,1477,1634,529,307,4421,240,4661,Moree Plains (A)
15350,1259,4870,3433,735,244,10541,203,10744,Mosman (A)
15500,140,968,1052,293,146,2599,110,2709,Murray (A)
15550,52,282,292,112,69,807,29,836,Murrumbidgee (A)
15650,386,1802,2124,725,311,5348,186,5534,Muswellbrook (A)
15700,659,3366,2370,645,240,7280,335,7615,Nambucca (A)
15750,341,1465,1724,686,347,4563,220,4783,Narrabri (A)
15800,172,807,764,262,125,2130,115,2245,Narrandera (A)
15850,199,807,837,315,182,2340,111,2451,Narromine (A)
15900,6686,22555,20026,5079,2040,56386,2064,58450,Newcastle (C)
15950,4948,15581,6242,841,244,27856,572,28428,North Sydney (A)
16100,89,584,738,283,122,1816,71,1887,Oberon (A)
16150,1183,5020,4980,1474,668,13325,540,13865,Orange (C)
16180,81,1049,2091,932,581,4734,112,4846,Palerang (A)
16200,494,1952,1859,575,330,5210,194,5404,Parkes (A)
16250,7970,23773,16974,4175,1941,54833,1870,56703,Parramatta (C)
16350,4451,19274,22017,7626,4291,57659,1733,59392,Penrith (C)
16370,808,5887,8918,2510,1171,19294,480,19774,Pittwater (A)
16380,2236,12236,9942,2645,1028,28087,975,29062,Port Macquarie-Hastings (A)
16400,1342,9006,8819,2774,1298,23239,738,23977,Port Stephens (A)
16470,921,4913,5175,1763,952,13724,388,14112,Queanbeyan (C)
16550,8884,20773,12777,2620,934,45988,1574,47562,Randwick (C)
16610,757,3231,2915,854,359,8116,343,8459,Richmond Valley (A)
16650,4688,15193,9879,2519,966,33245,1162,34407,Rockdale (C)
16700,4781,16198,11808,2788,1185,36760,919,37679,Ryde (C)
16900,1584,7594,8403,2819,1315,21715,723,22438,Shellharbour (C)
16950,2366,15020,12461,3468,1428,34743,1189,35932,Shoalhaven (C)
17000,343,2043,3272,1250,642,7550,207,7757,Singleton (A)
17050,86,675,963,332,184,2240,125,2365,Snowy River (A)
18020,253,1330,1238,436,248,3505,159,3664,Warrumbungle Shire (A)
40120,316,3412,6045,2261,1342,13376,235,13611,Adelaide Hills (DC)
40220,357,3419,3597,1230,700,9303,201,9504,Alexandrina (DC)
40310,347,2531,3459,1232,756,8325,184,8509,Barossa (DC)
40430,48,395,371,122,67,1003,28,1031,Barunga West (DC)
40520,327,1505,1420,534,248,4034,141,4175,Berri and Barmera (DC)
17700,17,149,154,51,51,422,23,445,Urana (A)
17750,1561,7491,8235,2543,1117,20947,769,21716,Wagga Wagga (C)
18710,181,1250,2134,945,568,5078,100,5178,Yass Valley (A)
18750,363,1653,1567,537,280,4400,172,4572,Young (A)
19399,39,134,99,60,45,377,13,390,Unincorporated NSW
19499,0,0,0,0,0,0,0,0,
20110,244,1702,1772,594,296,4608,131,4739,Alpine (S)
20260,333,1440,1573,536,302,4184,148,4332,Ararat (RC)
20570,2802,12909,13035,3882,1887,34515,1230,35745,Ballarat (C)
20660,3081,15433,17036,4754,2307,42611,1088,43699,Banyule (C)
20740,741,4579,4308,1254,510,11392,466,11858,Bass Coast (S)
20830,754,4914,6242,2286,1336,15532,449,15981,Baw Baw (S)
20910,2034,11279,14195,3494,1468,32470,801,33271,Bayside (C)
21010,418,1917,1960,688,384,5367,173,5540,Benalla (RC)
21110,4922,20759,22083,5763,2483,56010,1220,57230,Boroondara (C)
21180,4766,19195,21068,7537,3631,56197,2573,58770,Brimbank (C)
21270,176,827,913,322,275,2513,101,2614,Buloke (S)
21370,845,4386,5190,1879,997,13297,500,13797,Campaspe (S)
21450,813,6845,10662,3831,2305,24456,584,25040,Cardinia (S)
21610,3119,22630,35018,11614,5776,78157,2313,80470,Casey (C)
21670,376,1971,1755,586,332,5020,229,5249,Central Goldfields (S)
21750,510,2702,2837,1006,541,7596,259,7855,Colac-Otway (S)
21830,310,1824,2326,918,597,5975,221,6196,Corangamite (S)
21890,7527,21972,15094,3625,1558,49776,1848,51624,Darebin (C)
22110,1007,6067,6281,1924,959,16238,623,16861,East Gippsland (S)
22170,3340,16902,17927,5307,2374,45850,1555,47405,Frankston (C)
22250,244,1328,1595,522,296,3985,177,4162,Gannawarra (S)
22830,1576,7092,8156,2758,1400,20982,828,21810,Greater Shepparton (C)
22910,317,1963,2062,780,450,5572,195,5767,Hepburn (S)
22980,152,720,844,316,228,2260,82,2342,Hindmarsh (S)
23110,2873,12071,11071,2956,1186,30157,983,31140,Hobsons Bay (C)
23190,573,2539,2788,962,533,7395,238,7633,Horsham (RC)
23270,2938,15689,20766,7395,3793,50581,1664,52245,Hume (C)
23350,224,1634,2174,922,498,5452,163,5615,Indigo (S)
23430,4134,19497,20514,5312,2367,51824,1620,53444,Kingston (C)
23670,2212,14849,22283,7519,4008,50871,1183,52054,Knox (C)
23810,2448,9976,9785,3179,1482,26870,1078,27948,Latrobe (C)
23940,162,903,1063,434,364,2926,111,3037,Loddon (S)
24130,453,3649,6146,2484,1462,14194,326,14520,Macedon Ranges (S)
24210,1531,10783,16835,5592,3106,37847,776,38623,Manningham (C)
24250,113,993,1156,384,253,2899,87,2986,Mansfield (S)
24330,4068,11411,7777,1699,556,25511,936,26447,Maribyrnong (C)
24410,2296,13183,15253,4424,2301,37457,929,38386,Maroondah (C)
24600,16020,16348,5472,818,244,38902,1072,39974,Melbourne (C)
24650,1425,10036,15490,4656,2327,33934,1042,34976,Melton (S)
24780,1601,6500,6979,2245,1076,18401,848,19249,Mildura (RC)
24850,520,3387,4635,1750,1137,11429,387,11816,Mitchell (S)
24900,637,3626,3875,1439,784,10361,389,10750,Moira (S)
24970,4501,20357,23469,6718,2854,57899,1479,59378,Monash (C)
25060,4711,14965,14052,3826,1687,39241,1317,40558,Moonee Valley (C)
25150,443,2726,4011,1557,1021,9758,320,10078,Moorabool (S)
25250,8124,23944,16141,4048,1595,53852,1992,55844,Moreland (C)
25340,2726,18280,22033,6251,3062,52352,1798,54150,Mornington Peninsula (S)
25430,428,2569,2487,851,537,6872,227,7099,Mount Alexander (S)
25490,219,1604,2219,927,684,5653,151,5804,Moyne (S)
25620,174,1478,1945,802,452,4851,182,5033,Murrindindi (S)
25710,421,3887,8749,3465,2547,19069,294,19363,Nillumbik (S)
25810,370,1541,1742,589,331,4573,196,4769,Northern Grampians (S)
25900,7749,21086,10217,1486,461,40999,1070,42069,Port Phillip (C)
25990,106,754,1007,418,291,2576,109,2685,Pyrenees (S)
26080,63,538,452,100,27,1180,37,1217,Queenscliffe (B)
26170,390,3298,4096,1525,829,10138,314,10452,South Gippsland (S)
26260,437,2108,2265,920,599,6329,206,6535,Southern Grampians (S)
26350,6187,16826,11578,2506,997,38094,1009,39103,Stonnington (C)
26430,167,1217,1445,550,303,3682,168,3850,Strathbogie (S)
26490,270,2530,4106,1269,650,8825,232,9057,Surf Coast (S)
26610,615,2387,2748,934,522,7206,359,7565,Swan Hill (RC)
26670,106,678,857,353,248,2242,83,2325,Towong (S)
26700,688,3538,3949,1369,698,10242,390,10632,Wangaratta (RC)
26730,844,4300,4690,1253,549,11636,379,12015,Warrnambool (C)
26810,943,5219,5726,2122,1120,15130,535,15665,Wellington (S)
26890,80,494,628,280,219,1701,56,1757,West Wimmera (S)
26980,4785,20663,21070,5303,2232,54053,1420,55473,Whitehorse (C)
27070,2604,14653,20777,7080,3611,48725,1496,50221,Whittlesea (C)
27170,882,4554,5268,1539,572,12815,406,13221,Wodonga (RC)
27260,2419,17462,22620,6240,2721,51462,1340,52802,Wyndham (C)
27350,6606,14620,7158,1268,328,29980,982,30962,Yarra (C)
27450,1920,13837,21014,7739,4959,49469,1211,50680,Yarra Ranges (S)
27630,174,946,930,410,270,2730,123,2853,Yarriambiack (S)
29399,25,60,24,7,11,127,3,130,Unincorporated Vic
30250,153,54,5,0,3,215,6,221,Aurukun (S)
30300,97,459,593,258,149,1556,65,1621,Balonne (S)
30370,256,1460,1886,849,528,4979,181,5160,Banana (S)
30410,76,346,376,171,151,1120,80,1200,Barcaldine (R)
30450,7,30,41,25,20,123,10,133,Barcoo (S)
30760,75,294,252,113,92,826,39,865,Blackall Tambo (R)
50280,146,1391,1718,611,242,4108,101,4209,Augusta-Margaret River (S)
50350,489,2092,2016,611,337,5545,168,5713,Bassendean (T)
50420,2086,9265,8554,2504,1173,23582,763,24345,Bayswater (C)
50490,1272,5191,4694,1410,571,13138,553,13691,Belmont (C)
22750,5880,28925,30443,8750,4012,78010,2517,80527,Greater Geelong (C)
51820,1648,9369,13356,4403,2242,31018,822,31840,Cockburn (C)
51890,187,934,1249,462,316,3148,129,3277,Collie (S)
36710,6526,44011,44849,12820,5367,113573,3138,116711,Sunshine Coast (R)
51400,85,1104,2164,791,422,4566,89,4655,Capel (S)
51470,10,69,82,30,23,214,8,222,Carnamah (S)
51540,177,631,621,254,130,1813,137,1950,Carnarvon (S)
52240,12,108,147,67,57,391,21,412,Cranbrook (S)
34800,20,90,87,33,55,285,15,300,McKinlay (S)
53080,35,148,100,25,18,326,31,357,Dundas (S)
53220,160,566,589,201,114,1630,62,1692,East Pilbara (S)
53290,241,1382,1842,713,388,4566,167,4733,Esperance (S)
53360,26,290,344,131,61,852,20,872,Exmouth (S)
53430,1280,4430,3664,923,338,10635,388,11023,Fremantle (C)
53920,292,261,97,36,22,708,22,730,Halls Creek (S)
54410,37,118,156,48,58,417,21,438,Kellerberrin (S)
54480,3,38,86,33,43,203,4,207,Kent (S)
54550,40,189,274,122,96,721,28,749,Kojonup (S)
55110,1577,10129,9715,2946,1286,25653,806,26459,Mandurah (C)
56580,350,1985,3009,1005,521,6870,153,7023,Nedlands (C)
40250,219,208,72,15,7,521,8,529,Anangu Pitjantjatjara (AC)
41140,158,1035,1317,507,312,3329,71,3400,Clare and Gilbert Valleys (DC)
55880,3,46,66,26,45,186,3,189,Mount Marshall (S)
41560,336,2094,1854,623,282,5189,167,5356,Copper Coast (DC)
47910,50,342,400,130,89,1011,37,1048,Tumby Bay (DC)
56230,144,1587,1965,802,518,5016,162,5178,Murray (S)
56300,21,166,201,75,42,505,13,518,Nannup (S)
57140,20,139,160,60,53,432,18,450,Pingelly (S)
57210,80,490,679,314,190,1753,52,1805,Plantagenet (S)
57280,224,876,1415,630,349,3494,221,3715,Port Hedland (T)
57350,16,151,131,66,50,414,6,420,Quairading (S)
57420,20,221,284,93,61,679,37,716,Ravensthorpe (S)
48830,215,1691,1657,565,371,4499,119,4618,Yorke Peninsula (DC)
56790,66,405,475,190,90,1226,43,1269,Northampton (S)
56860,0,24,31,15,14,84,3,87,Nungarin (S)
65810,311,2496,3324,1243,705,8079,182,8261,West Tamar (M)
69399,0,0,0,0,0,0,0,0,
69499,0,0,0,0,0,0,0,0,
57700,97,1028,2229,1209,979,5542,100,5642,Serpentine-Jarrahdale (S)
57770,28,129,122,37,26,342,8,350,Shark Bay (S)
57840,1226,6540,5868,1598,644,15876,380,16256,South Perth (C)
57910,6017,29430,28265,7874,3513,75099,2220,77319,Stirling (C)
57980,962,3460,2206,492,156,7276,184,7460,Subiaco (C)
58050,1723,10301,14858,5478,3130,35490,1052,36542,Swan (C)
58190,8,46,44,30,16,144,3,147,Tammin (S)
58260,15,71,103,24,24,237,11,248,Three Springs (S)
73600,414,341,149,41,33,978,97,1075,Roper Gulf (S)
74050,367,128,33,5,3,536,23,559,Tiwi Islands (S)
79399,221,1039,656,174,59,2149,78,2227,Unincorporated NT
58510,1552,5451,4157,1064,393,12617,471,13088,Victoria Park (T)
62210,219,891,903,322,159,2494,109,2603,George Town (M)
58610,43,231,246,96,88,704,23,727,Wagin (S)
58680,0,25,66,30,36,157,9,166,Wandering (S)
58760,1757,14653,21649,7152,3502,48713,1164,49877,Wanneroo (C)
58820,55,392,513,201,142,1303,39,1342,Waroona (S)
58890,5,77,126,73,63,344,8,352,West Arthur (S)
79499,0,0,0,0,0,0,0,0,
89399,7978,47517,50279,14539,6565,126878,2547,129425,Unincorporated ACT
89499,0,0,0,0,0,0,0,0,
99399,55,256,213,84,45,653,40,693,Unincorp. Other Territories
99499,0,0,0,0,0,0,0,0,
18350,833,6065,6387,1891,1022,16198,493,16691,Wingecarribee (A)
18400,463,3249,5553,2487,1774,13526,425,13951,Wollondilly (A)
18450,8201,26783,24315,6968,3090,69357,2408,71765,Wollongong (C)
18500,3074,9159,5867,1223,523,19846,618,20464,Woollahra (A)
18550,4544,22070,18995,5548,2555,53712,2198,55910,Wyong (A)
17900,342,929,679,217,149,2316,174,2490,Walgett (A)
17950,94,333,365,157,95,1044,56,1100,Warren (A)
18000,3981,18856,19491,4839,2245,49412,1225,50637,Warringah (A)
59250,31,46,18,7,7,109,3,112,Wiluna (S)
59320,3,32,49,27,42,153,4,157,Woodanilling (S)
59330,17,73,78,23,20,211,9,220,Wyalkatchem (S)
59340,321,762,685,234,148,2150,114,2264,Wyndham-East Kimberley (S)
59350,6,14,14,3,14,51,6,57,Yalgoo (S)
59399,0,0,0,0,0,0,0,0,
11250,820,3148,2249,630,221,7068,367,7435,Broken Hill (C)
70540,18,12,0,0,0,30,6,36,Belyuen (S)
13320,1010,6675,4492,1130,451,13758,548,14306,Great Lakes (A)
13340,136,1043,1364,611,319,3473,138,3611,Greater Hume Shire (A)
13380,1419,7120,6410,1786,787,17522,638,18160,Greater Taree (C)
13450,654,2619,3235,1022,563,8093,361,8454,Griffith (C)
13500,78,432,562,186,105,1363,41,1404,Gundagai (A)
13550,344,1497,1632,577,286,4336,154,4490,Gunnedah (A)
10050,1732,7067,6639,1790,737,17965,652,18617,Albury (C)
10110,779,3415,2887,851,378,8310,278,8588,Armidale Dumaresq (A)
12050,287,1375,1399,431,226,3718,110,3828,Cooma-Monaro (A)
12150,182,500,501,174,111,1468,68,1536,Coonamble (A)
12200,272,1161,984,295,137,2849,106,2955,Cootamundra (A)
12300,251,1669,1683,450,181,4234,175,4409,Corowa Shire (A)
12350,386,1681,1629,565,269,4530,211,4741,Cowra (A)
18050,5016,11341,6230,1088,367,24042,829,24871,Waverley (A)
18100,96,499,511,203,136,1445,55,1500,Weddin (A)
18150,353,1072,1012,342,163,2942,122,3064,Wellington (A)
18200,197,718,954,333,143,2345,118,2463,Wentworth (A)
18250,3393,11250,7535,1501,541,24220,481,24701,Willoughby (C)
10150,3140,7329,3450,666,262,14847,447,15294,Ashfield (A)
10200,3161,9392,6492,1538,582,21165,915,22080,Auburn (C)
10250,1171,6116,5731,1531,595,15144,451,15595,Ballina (A)
10300,73,238,314,109,62,796,33,829,Balranald (A)
10350,6319,20613,19118,6039,2900,54989,2249,57238,Bankstown (C)
10470,1033,4653,4999,1672,845,13202,454,13656,Bathurst Regional (A)
10550,666,4937,4819,1307,522,12251,423,12674,Bega Valley (A)
10600,293,2062,1803,505,194,4857,150,5007,Bellingen (A)
10650,192,1225,1158,353,169,3097,147,3244,Berrigan (A)
10750,8518,33074,34435,10201,4313,90541,3116,93657,Blacktown (C)
10800,141,720,817,329,175,2182,80,2262,Bland (A)
10850,129,782,950,384,222,2467,82,2549,Blayney (A)
10900,2260,10890,10094,2876,1272,27392,639,28031,Blue Mountains (C)
10950,94,347,346,132,68,987,61,1048,Bogan (A)
11000,74,329,374,145,52,974,30,1004,Bombala (A)
11050,44,328,349,128,82,931,35,966,Boorowa (A)
11100,2426,5942,3992,871,341,13572,548,14120,Botany Bay (C)
11150,127,328,277,87,57,876,62,938,Bourke (A)
11200,134,211,130,41,36,552,20,572,Brewarrina (A)
17800,72,473,581,207,107,1440,73,1513,Wakool (A)
17850,73,364,463,188,86,1174,43,1217,Walcha (A)
11300,2177,4371,2779,745,303,10375,352,10727,Burwood (A)
11350,550,4504,4159,1121,458,10792,405,11197,Byron (A)
11400,217,1226,1946,752,443,4584,120,4704,Cabonne (A)
11450,599,4388,8275,2712,1510,17484,390,17874,Camden (A)
11500,4438,17546,15891,5311,2519,45705,1583,47288,Campbelltown (C)
11520,2820,11859,9765,2124,808,27376,643,28019,Canada Bay (A)
11550,7131,19291,12716,3369,1467,43974,1953,45927,Canterbury (C)
11600,50,283,357,156,95,941,43,984,Carrathool (A)
11700,104,274,193,73,48,692,45,737,Central Darling (A)
11720,1171,6149,6801,2207,1247,17575,653,18228,Cessnock (C)
11730,1444,7834,6605,1909,790,18582,675,19257,Clarence Valley (A)
11750,135,647,609,182,86,1659,63,1722,Cobar (A)
11800,2093,10447,9105,2501,1028,25174,903,26077,Coffs Harbour (C)
11860,7,105,235,116,70,533,16,549,Conargo (A)
12000,79,465,577,205,119,1445,44,1489,Coolamon (A)
12500,290,1073,1054,257,90,2764,149,2913,Deniliquin (A)
12600,1098,4951,5161,1604,751,13565,474,14039,Dubbo (C)
12700,143,909,1208,495,269,3024,89,3113,Dungog (A)
12750,885,6233,4905,1302,492,13817,518,14335,Eurobodalla (A)
12850,6710,18918,17632,6702,3441,53403,2434,55837,Fairfield (C)
12900,258,1225,1327,401,197,3408,155,3563,Forbes (A)
12950,119,540,566,218,137,1580,71,1651,Gilgandra (A)
13010,286,1301,1127,399,199,3312,156,3468,Glen Innes Severn (A)
13050,142,770,696,238,93,1939,61,2000,Gloucester (A)
13100,5969,23954,20983,5728,2617,59251,2046,61297,Gosford (C)
13310,896,3731,3605,1253,600,10085,373,10458,Goulburn Mulwaree (A)
17100,1650,4656,3279,975,457,11017,361,11378,Strathfield (A)
17150,5046,24508,30000,9144,4773,73471,1880,75351,Sutherland Shire (A)
17200,28299,32497,8705,1106,371,70978,2196,73174,Sydney (C)
17310,1552,7453,7747,2477,1128,20357,786,21143,Tamworth Regional (A)
17350,185,819,793,273,128,2198,93,2291,Temora (A)
17400,213,1003,906,299,170,2591,93,2684,Tenterfield (A)
17420,1419,13090,24979,8440,4516,52444,853,53297,The Hills Shire (A)
17450,67,443,476,162,89,1237,53,1290,Tumbarumba (A)
17500,287,1464,1523,490,275,4039,162,4201,Tumut Shire (A)
17550,2642,14276,11225,2987,1253,32383,1274,33657,Tweed (A)
17620,334,1701,2024,684,329,5072,171,5243,Upper Hunter Shire (A)
17640,98,787,1114,446,279,2724,75,2799,Upper Lachlan Shire (A)
17650,106,681,853,310,189,2139,65,2204,Uralla (A)
22310,5242,19876,17765,4027,1612,48522,1372,49894,Glen Eira (C)
22410,400,2559,2832,1051,585,7427,286,7713,Glenelg (S)
22490,92,1209,2772,1237,843,6153,149,6302,Golden Plains (S)
22620,2658,12889,14387,4851,2271,37056,1162,38218,Greater Bendigo (C)
22670,4947,16930,14622,4767,2053,43319,2172,45491,Greater Dandenong (C)
30900,16,47,46,22,18,149,16,165,Boulia (S)
31000,36163,145159,135956,38153,15694,371125,9652,380777,Brisbane (C)
36070,89,54,16,0,3,162,0,162,Pormpuraaw (S)
36150,38,117,129,46,37,367,13,380,Quilpie (S)
36250,2814,15361,19555,6912,3380,48022,1149,49171,Redland (C)
36300,24,93,89,53,34,293,20,313,Richmond (S)
36360,2854,13307,13916,4766,2318,37161,1375,38536,Rockhampton (R)
36510,507,4182,5158,1976,1108,12931,346,13277,Scenic Rim (R)
36580,290,2533,2874,1175,696,7568,248,7816,Somerset (R)
36630,669,4460,4065,1479,736,11409,451,11860,South Burnett (R)
36660,891,4476,4624,1554,858,12403,459,12862,Southern Downs (R)
31750,4,40,37,11,22,114,6,120,Bulloo (S)
31820,2411,13219,12131,3514,1565,32840,1193,34033,Bundaberg (R)
31900,409,2023,2545,864,430,6271,217,6488,Burdekin (S)
31950,12,38,34,13,5,102,13,115,Burke (S)
32070,4987,21848,20655,5499,2211,55200,1929,57129,Cairns (R)
32250,86,220,173,57,43,579,65,644,Carpentaria (S)
32260,752,3680,3726,1178,534,9870,439,10309,Cassowary Coast (R)
32270,310,2303,3569,1549,952,8683,286,8969,Central Highlands (R)
32310,296,1438,1463,511,314,4022,184,4206,Charters Towers (R)
36810,1003,5683,5954,2011,925,15576,660,16236,Tablelands (R)
36910,3841,19734,20121,6672,3266,53634,1550,55184,Toowoomba (R)
36950,229,330,143,32,22,756,58,814,Torres (S)
36960,613,230,59,8,3,913,31,944,Torres Strait Island (R)
37010,3721,20416,23784,7678,3473,59072,1897,60969,Townsville (C)
50560,26,201,234,79,92,632,24,656,Beverley (S)
50630,22,140,221,108,73,564,14,578,Boddington (S)
50770,22,144,248,104,79,597,17,614,Boyup Brook (S)
50840,72,559,649,266,140,1686,40,1726,Bridgetown-Greenbushes (S)
50910,18,84,112,52,56,322,17,339,Brookton (S)
50980,483,1493,1543,535,293,4347,238,4585,Broome (S)
51080,13,85,133,69,79,379,19,398,Broomehill-Tambellup (S)
51120,23,105,152,58,41,379,10,389,Bruce Rock (S)
51190,935,4668,4393,1407,537,11940,389,12329,Bunbury (C)
51260,520,3656,4448,1433,657,10714,284,10998,Busselton (S)
51310,497,2883,3683,1155,572,8790,179,8969,Cambridge (T)
51330,1826,9691,11470,4113,2167,29267,812,30079,Canning (C)
32330,108,94,32,5,7,246,0,246,Cherbourg (S)
32450,101,286,289,121,56,853,56,909,Cloncurry (S)
32500,150,538,386,123,67,1264,71,1335,Cook (S)
32600,4,31,23,10,12,80,24,104,Croydon (S)
37300,29,280,467,140,49,965,37,1002,Weipa (T)
37310,562,3305,4060,1612,1041,10580,371,10951,Western Downs (R)
37340,771,3826,4024,1219,581,10421,426,10847,Whitsunday (R)
51610,6,80,167,92,68,413,8,421,Chapman Valley (S)
32750,22,41,16,8,10,97,4,101,Diamantina (S)
41750,9,119,178,57,47,410,16,426,Elliston (DC)
32770,108,55,28,7,11,209,4,213,Doomadgee (S)
33100,14,102,116,43,35,310,32,342,Etheridge (S)
33200,47,198,207,104,77,633,34,667,Flinders (S)
33220,2815,15468,12165,3567,1467,35482,1267,36749,Fraser Coast (R)
33360,774,5604,8024,2957,1459,18818,586,19404,Gladstone (R)
33430,11361,65472,70372,20169,8791,176165,5454,181619,Gold Coast (C)
33610,216,1194,1435,556,270,3671,165,3836,Goondiwindi (R)
33620,1012,6413,6386,2057,952,16820,635,17455,Gympie (R)
33800,278,1439,1706,605,294,4322,165,4487,Hinchinbrook (S)
33830,79,95,34,16,3,227,0,227,Hope Vale (S)
33960,3861,19030,21178,7018,3518,54605,1723,56328,Ipswich (C)
33980,161,1624,2782,1184,711,6462,189,6651,Isaac (R)
34420,138,57,26,6,5,232,0,232,Kowanyama (S)
34570,51,42,12,0,3,108,3,111,Lockhart River (S)
34580,541,3459,4513,1840,1071,11424,477,11901,Lockyer Valley (R)
34590,5380,28568,34517,12904,7106,88475,2822,91297,Logan (C)
34710,128,505,516,202,110,1461,66,1527,Longreach (R)
34770,1889,11132,15502,5788,2980,37291,1271,38562,Mackay (R)
34830,28,25,13,3,0,69,3,72,Mapoon (S)
34860,258,1259,1576,718,456,4267,179,4446,Maranoa (R)
35010,7834,44465,51502,16744,8513,129058,3547,132605,Moreton Bay (R)
35250,120,78,27,8,3,236,11,247,Mornington (S)
35300,507,2115,2376,754,363,6115,284,6399,Mount Isa (C)
35600,130,577,567,208,112,1594,60,1654,Murweh (S)
35670,86,57,21,13,3,180,3,183,Napranum (S)
35760,228,1386,1325,506,337,3782,202,3984,North Burnett (R)
35780,206,200,98,35,10,549,13,562,Northern Peninsula Area (R)
35790,227,115,29,6,3,380,7,387,Palm Island (S)
35800,63,258,194,92,60,667,41,708,Paroo (S)
37400,45,176,173,63,55,512,36,548,Winton (S)
37550,107,77,21,7,4,216,8,224,Woorabinda (S)
51960,64,404,459,182,93,1202,45,1247,Coolgardie (S)
52030,20,115,156,78,46,415,5,420,Coorow (S)
37570,31,27,8,5,0,71,0,71,Wujal Wujal (S)
37600,133,166,77,31,11,418,3,421,Yarrabah (S)
39399,0,0,0,0,0,0,0,0,
39499,0,0,0,0,0,0,0,0,
54280,600,3005,3734,1479,707,9525,350,9875,Kalgoorlie/Boulder (C)
40070,2453,3621,1474,265,80,7893,285,8178,Adelaide (C)
40700,1156,6218,6324,1762,781,16241,355,16596,Burnside (C)
40910,1661,7183,6632,1856,863,18195,514,18709,Campbelltown (C)
41010,117,399,466,163,96,1241,33,1274,Ceduna (DC)
41060,4672,16709,14168,3912,1620,41081,1377,42458,Charles Sturt (C)
41190,26,224,251,107,67,675,13,688,Cleve (DC)
41330,81,259,211,77,29,657,54,711,Coober Pedy (DC)
41830,39,205,241,105,56,646,41,687,Flinders Ranges (DC)
41960,27,125,172,90,44,458,21,479,Franklin Harbour (DC)
42030,686,3117,2766,915,482,7966,212,8178,Gawler (T)
42110,91,543,566,245,189,1634,50,1684,Goyder (DC)
42250,43,528,1127,558,385,2641,74,2715,Grant (DC)
42600,1560,6248,4794,1242,512,14356,479,14835,Holdfast Bay (C)
42750,108,599,689,234,113,1743,38,1781,Kangaroo Island (DC)
43080,8,103,132,79,71,393,19,412,Karoonda East Murray (DC)
43220,14,100,153,82,54,403,10,413,Kimba (DC)
43360,33,302,363,122,72,892,32,924,Kingston (DC)
43650,104,1125,2071,828,562,4690,100,4790,Light (RegC)
43710,37,452,740,305,171,1705,29,1734,Lower Eyre Peninsula (DC)
43790,263,1457,1635,621,369,4345,128,4473,Loxton Waikerie (DC)
43920,66,645,1162,581,405,2859,59,2918,Mallala (DC)
44000,13,7,3,0,0,23,0,23,Maralinga Tjarutja (AC)
44060,3494,13155,11680,3234,1317,32880,957,33837,Marion (C)
44210,130,1108,1146,489,293,3166,120,3286,Mid Murray (DC)
44340,1628,8186,9538,2705,1224,23281,480,23761,Mitcham (C)
44550,469,3228,4625,1507,839,10668,227,10895,Mount Barker (DC)
44620,885,3935,3669,998,397,9884,337,10221,Mount Gambier (C)
44830,41,337,403,189,150,1120,33,1153,Mount Remarkable (DC)
45040,605,2675,2547,890,517,7234,273,7507,Murray Bridge (RC)
45090,143,903,1237,479,247,3009,113,3122,Naracoorte and Lucindale (DC)
45120,70,603,625,281,204,1783,57,1840,Northern Areas (DC)
45290,2008,6554,4497,1083,430,14572,430,15002,Norwood Payneham St Peters (C)
45340,3652,21365,23489,7245,3386,59137,1384,60521,Onkaparinga (C)
45400,18,86,111,70,59,344,10,354,Orroroo/Carrieton (DC)
45540,95,358,194,62,42,751,30,781,Peterborough (DC)
45680,3499,10846,9458,2823,1333,27959,1046,29005,Playford (C)
45890,5982,17869,14140,3706,1337,43034,1617,44651,Port Adelaide Enfield (C)
46090,569,1833,1670,552,219,4843,187,5030,Port Augusta (C)
46300,461,2022,2092,550,196,5321,199,5520,Port Lincoln (C)
46450,808,2707,2217,716,335,6783,227,7010,Port Pirie City and Dists (M)
46510,765,2997,2711,783,345,7601,223,7824,Prospect (C)
46670,251,1230,1292,431,237,3441,147,3588,Renmark Paringa (DC)
46860,13,172,225,89,33,532,11,543,Robe (DC)
46970,27,331,611,203,124,1296,25,1321,Roxby Downs (M)
47140,3792,17803,17079,5064,2238,45976,1390,47366,Salisbury (C)
47290,36,226,301,146,91,800,29,829,Southern Mallee (DC)
47490,28,219,267,136,82,732,23,755,Streaky Bay (DC)
47630,100,722,988,381,230,2421,49,2470,Tatiara (DC)
47700,1893,12238,14531,4556,2059,35277,686,35963,Tea Tree Gully (C)
47800,112,637,752,327,219,2047,72,2119,The Coorong (DC)
47980,1472,5965,5081,1263,522,14303,334,14637,Unley (C)
48050,396,2590,1934,479,201,5600,144,5744,Victor Harbor (C)
48130,135,867,935,335,236,2508,58,2566,Wakefield (DC)
48640,18,114,177,98,56,463,20,483,Wudinna (DC)
48750,70,664,719,250,107,1810,56,1866,Yankalilla (DC)
48260,248,994,1007,284,119,2652,88,2740,Walkerville (M)
48340,251,1438,1820,618,350,4477,125,4602,Wattle Range (DC)
48410,2915,9678,7193,1839,715,22340,674,23014,West Torrens (C)
48540,1225,3451,2787,849,320,8632,306,8938,Whyalla (C)
49399,109,436,369,159,140,1213,97,1310,Unincorporated SA
49499,0,0,0,0,0,0,0,0,
50080,687,4096,4691,1747,904,12125,401,12526,Albany (C)
50210,1177,6778,8373,3137,1882,21347,620,21967,Armadale (C)
50250,93,660,742,268,92,1855,82,1937,Ashburton (S)
51680,9,270,582,358,252,1471,34,1505,Chittering (S)
51750,267,1415,1352,326,147,3507,93,3600,Claremont (T)
52100,25,119,164,71,56,435,7,442,Corrigin (S)
52170,136,906,1137,370,168,2717,62,2779,Cottesloe (T)
52310,3,80,118,78,50,329,8,337,Cuballing (S)
52380,7,42,25,12,8,94,7,101,Cue (S)
52450,10,165,190,58,55,478,6,484,Cunderdin (S)
52520,20,139,173,65,61,458,12,470,Dalwallinu (S)
52590,37,309,448,194,109,1097,39,1136,Dandaragan (S)
52660,93,1145,1865,680,369,4152,134,4286,Dardanup (S)
52730,96,728,784,265,120,1993,44,2037,Denmark (S)
52800,462,509,392,110,86,1559,101,1660,Derby-West Kimberley (S)
52870,62,522,779,343,217,1923,44,1967,Donnybrook-Balingup (S)
52940,15,75,114,32,43,279,3,282,Dowerin (S)
53010,8,73,96,40,34,251,7,258,Dumbleyung (S)
53150,134,904,1077,307,125,2547,64,2611,East Fremantle (T)
53520,841,4187,4798,1815,955,12596,457,13053,Geraldton-Greenough (C)
53570,44,416,673,329,192,1654,44,1698,Gingin (S)
53640,21,127,173,71,68,460,15,475,Gnowangerup (S)
55390,24,19,16,8,9,76,5,81,Menzies (S)
55460,93,369,443,158,112,1175,42,1217,Merredin (S)
53710,13,126,159,46,40,384,8,392,Goomalling (S)
53780,1784,11286,14198,5139,2702,35109,993,36102,Gosnells (C)
53990,244,1967,3384,1356,741,7692,236,7928,Harvey (S)
54060,55,430,504,187,113,1289,36,1325,Irwin (S)
54130,10,109,115,80,61,375,13,388,Jerramungup (S)
54170,1641,14196,23396,8410,4406,52049,948,52997,Joondalup (C)
54200,609,4990,7682,3173,2019,18473,397,18870,Kalamunda (S)
54340,125,510,496,203,114,1448,65,1513,Katanning (S)
54620,20,82,121,50,53,326,11,337,Kondinin (S)
54690,0,44,76,29,23,172,4,176,Koorda (S)
54760,15,73,104,53,68,313,9,322,Kulin (S)
54830,618,3381,3698,1284,663,9644,342,9986,Kwinana (T)
54900,22,144,180,91,77,514,26,540,Lake Grace (S)
54970,46,82,47,9,6,190,18,208,Laverton (S)
55040,37,176,110,24,18,365,25,390,Leonora (S)
55180,208,1078,1334,504,251,3375,106,3481,Manjimup (S)
55250,31,125,61,22,16,255,45,300,Meekatharra (S)
55320,1976,11455,14333,4718,2338,34820,757,35577,Melville (C)
55530,7,40,63,33,31,174,10,184,Mingenew (S)
55600,51,238,325,160,100,874,20,894,Moora (S)
56520,154,554,489,197,96,1490,49,1539,Narrogin (T)
55670,26,92,88,47,26,279,20,299,Morawa (S)
56620,183,102,37,6,3,331,16,347,Ngaanyatjarraku (S)
55740,395,1225,1155,356,132,3263,96,3359,Mosman Park (T)
55810,26,70,46,23,20,185,10,195,Mount Magnet (S)
55950,11,55,63,41,31,201,5,206,Mukinbudin (S)
56020,15,64,88,27,26,220,9,229,Mullewa (S)
56090,365,2846,4935,2275,1609,12030,361,12391,Mundaring (S)
56930,12,119,201,91,52,475,15,490,Peppermint Grove (S)
56160,5,8,5,9,8,35,0,35,Murchison (S)
57490,1769,11987,14702,4654,2113,35225,937,36162,Rockingham (C)
57560,189,1259,2160,924,549,5081,202,5283,Roebourne (S)
56370,15,95,116,40,54,320,4,324,Narembeen (S)
56450,0,41,101,62,69,273,13,286,Narrogin (S)
62410,76,597,684,207,101,1665,52,1717,Glamorgan/Spring Bay (M)
62610,2364,7150,5488,1744,852,17598,697,18295,Glenorchy (C)
62810,2259,8335,6176,1718,623,19111,501,19612,Hobart (C)
63010,254,1891,2268,808,421,5642,169,5811,Huon Valley (M)
63210,88,667,808,408,211,2182,62,2244,Kentish (M)
63410,44,232,253,86,39,654,24,678,King Island (M)
63610,565,4287,5185,1617,754,12408,230,12638,Kingborough (M)
63810,147,1191,1490,543,312,3683,98,3781,Latrobe (M)
64010,2690,9633,8479,2645,1247,24694,740,25434,Launceston (C)
64210,367,2287,2732,1112,646,7144,181,7325,Meander Valley (M)
64610,219,1418,1824,755,411,4627,120,4747,Northern Midlands (M)
64810,213,1689,2010,695,382,4989,144,5133,Sorell (M)
65010,72,575,848,400,296,2191,65,2256,Southern Midlands (M)
65210,30,334,390,97,68,919,34,953,Tasman (M)
65410,394,1870,1893,697,355,5209,166,5375,Waratah/Wynyard (M)
65610,184,790,640,186,77,1877,54,1931,West Coast (M)
56730,239,1151,1332,565,352,3639,136,3775,Northam (S)
57000,7,42,69,33,38,189,4,193,Perenjori (S)
57080,1680,3764,1323,150,72,6989,169,7158,Perth (C)
57630,3,12,18,6,0,39,5,44,Sandstone (S)
70200,714,3053,2761,958,481,7967,430,8397,Alice Springs (T)
58330,36,429,640,269,228,1602,40,1642,Toodyay (S)
72800,516,2644,3815,1117,430,8522,293,8815,Palmerston (C)
74500,518,356,154,52,35,1115,55,1170,Victoria-Daly (S)
58400,8,52,34,27,16,137,3,140,Trayning (S)
58470,17,27,11,5,10,70,3,73,Upper Gascoyne (S)
58540,11,94,125,58,46,334,12,346,Victoria Plains (S)
74560,11,67,53,15,8,154,12,166,Wagait (S)
74660,377,354,192,55,17,995,34,1029,West Arnhem (S)
58570,1529,5490,4164,951,361,12495,314,12809,Vincent (T)
59030,0,28,42,15,9,94,3,97,Westonia (S)
59100,7,68,107,41,50,273,15,288,Wickepin (S)
59170,5,83,168,59,41,356,11,367,Williams (S)
59310,39,162,214,76,49,540,22,562,Wongan-Ballidu (S)
59360,20,157,175,64,50,466,11,477,Yilgarn (S)
59370,46,410,494,209,134,1293,36,1329,York (S)
59499,0,0,0,0,0,0,0,0,
60210,177,950,905,330,137,2499,86,2585,Break O'Day (M)
60410,433,1694,1864,792,389,5172,174,5346,Brighton (M)
60610,647,2952,2567,843,376,7385,231,7616,Burnie (C)
60810,465,2721,3120,1143,546,7995,291,8286,Central Coast (M)
61010,28,281,320,156,93,878,30,908,Central Highlands (M)
61210,149,966,1218,381,185,2899,72,2971,Circular Head (M)
61410,1434,6902,7412,2392,1191,19331,513,19844,Clarence (C)
61510,277,1161,1245,568,299,3550,122,3672,Derwent Valley (M)
61610,880,3679,3350,1027,454,9390,372,9762,Devonport (C)
61810,130,902,970,392,239,2633,64,2697,Dorset (M)
62010,30,107,134,52,15,338,7,345,Flinders (M)
70420,387,517,344,98,56,1402,127,1529,Barkly (S)
70620,268,224,87,24,24,627,38,665,Central Desert (S)
70700,41,149,139,25,23,377,24,401,Coomalie (S)
71000,1925,8609,8684,2795,1179,23192,1054,24246,Darwin (C)
71300,608,367,137,34,23,1169,34,1203,East Arnhem (S)
72200,287,867,939,329,166,2588,201,2789,Katherine (T)
72300,139,1199,2206,1078,774,5396,183,5579,Litchfield (M)
72330,341,362,141,48,27,919,88,1007,MacDonnell (S)
