SA3_MAIN11,Num_Psns_UR_1_FamHhold,Num_Psns_UR_1_NonFamHhold,Num_Psns_UR_1_Total,Num_Psns_UR_2_FamHhold,Num_Psns_UR_2_NonFamHhold,Num_Psns_UR_2_Total,Num_Psns_UR_3_FamHhold,Num_Psns_UR_3_NonFamHhold,Num_Psns_UR_3_Total,Num_Psns_UR_4_FamHhold,Num_Psns_UR_4_NonFamHhold,Num_Psns_UR_4_Total,Num_Psns_UR_5_FamHhold,Num_Psns_UR_5_NonFamHhold,Num_Psns_UR_5_Total,Num_Psns_UR_6mo_FamHhold,Num_Psns_UR_6mo_NonFamHhold,Num_Psns_UR_6mo_Total,Total_FamHhold,Total_NonFamHhold,Total_Total,SA3_NAME11
10503,0,6658,6658,8043,585,8628,3402,66,3468,3189,13,3202,1701,3,1704,928,3,931,17263,7328,24591,Dubbo
10601,0,6700,6700,9418,628,10046,4601,72,4673,4545,11,4556,2157,7,2164,1018,3,1021,21739,7421,29160,Lower Hunter
10602,0,4945,4945,7229,469,7698,3824,56,3880,3964,17,3981,1697,3,1700,765,0,765,17479,5490,22969,Maitland
10603,0,6171,6171,9220,509,9729,3407,47,3454,3419,8,3427,1585,0,1585,757,0,757,18388,6735,25123,Port Stephens
10604,0,2841,2841,3457,308,3765,1524,26,1550,1512,8,1520,796,3,799,303,0,303,7592,3186,10778,Upper Hunter
10701,0,6045,6045,8026,457,8483,4179,46,4225,4389,8,4397,1887,3,1890,883,0,883,19364,6559,25923,Dapto - Port Kembla
10702,0,3,3,0,0,0,0,0,0,0,0,0,0,0,0,0,0,0,0,3,3,Illawarra Catchment Reserve
10703,0,6275,6275,9755,441,10196,4853,47,4900,5141,9,5150,2269,3,2272,1031,0,1031,23049,6775,29824,Kiama - Shellharbour
10704,0,12539,12539,13694,1616,15310,6615,530,7145,6723,237,6960,2724,96,2820,1040,31,1071,30796,15049,45845,Wollongong
10801,0,3800,3800,4909,302,5211,1378,23,1401,1161,3,1164,535,0,535,230,0,230,8213,4128,12341,Great Lakes
10802,0,5384,5384,6622,482,7104,2320,24,2344,1829,3,1832,963,3,966,618,0,618,12352,5896,18248,Kempsey - Nambucca
10803,0,42,42,45,3,48,19,0,19,22,0,22,3,0,3,0,0,0,89,45,134,Lord Howe Island
10804,0,8019,8019,11211,684,11895,3610,70,3680,3323,5,3328,1491,6,1497,650,0,650,20285,8784,29069,Port Macquarie
10805,0,5590,5590,7683,468,8151,2539,37,2576,2169,10,2179,1074,0,1074,562,3,565,14027,6108,20135,Taree - Gloucester
10901,0,6487,6487,7089,704,7793,3004,139,3143,2859,44,2903,1272,10,1282,549,3,552,14773,7387,22160,Albury
10902,0,1272,1272,1672,82,1754,627,10,637,548,0,548,296,0,296,163,0,163,3306,1364,4670,Lower Murray
10903,0,4744,4744,6122,309,6431,1753,31,1784,1759,4,1763,890,0,890,404,0,404,10928,5088,16016,Upper Murray exc. Albury
11001,0,3611,3611,4373,381,4754,1710,84,1794,1657,27,1684,813,11,824,375,5,380,8928,4119,13047,Armidale
11002,0,4326,4326,5269,296,5565,1846,33,1879,1593,3,1596,869,3,872,457,0,457,10034,4661,14695,Inverell - Tenterfield
11003,0,2526,2526,2958,193,3151,1256,14,1270,1228,9,1237,650,0,650,364,0,364,6456,2742,9198,Moree - Narrabri
11004,0,7780,7780,9867,688,10555,4100,77,4177,3779,18,3797,1800,9,1809,819,0,819,20365,8572,28937,Tamworth - Gunnedah
11101,0,10771,10771,14687,865,15552,6759,118,6877,7066,32,7098,2781,4,2785,1068,5,1073,32361,11795,44156,Lake Macquarie - East
11102,0,5919,5919,8870,540,9410,3913,50,3963,3801,15,3816,1749,4,1753,752,0,752,19085,6528,25613,Lake Macquarie - West
11103,0,17898,17898,18618,2618,21236,8649,837,9486,7776,294,8070,3108,119,3227,1157,68,1225,39308,21834,61142,Newcastle
11201,0,8017,8017,9766,1091,10857,3951,244,4195,3552,88,3640,1435,12,1447,629,6,635,19333,9458,28791,Richmond Valley - Coastal
11202,0,7257,7257,8737,825,9562,3631,150,3781,3302,56,3358,1587,17,1604,842,6,848,18099,8311,26410,Richmond Valley - Hinterland
11203,0,9569,9569,11876,1097,12973,4435,122,4557,3884,33,3917,1811,10,1821,813,6,819,22819,10837,33656,Tweed Valley
11301,0,4315,4315,5201,325,5526,2290,41,2331,2290,8,2298,1338,5,1343,649,6,655,11768,4700,16468,Griffith - Murrumbidgee (West)
11302,0,1589,1589,1943,84,2027,707,7,714,698,0,698,313,3,316,159,0,159,3820,1683,5503,Tumut - Tumbarumba
11303,0,8703,8703,10925,925,11850,4450,196,4646,4230,65,4295,2271,17,2288,1088,0,1088,22964,9906,32870,Wagga Wagga
11401,0,9946,9946,13583,769,14352,4591,72,4663,4173,17,4190,1853,6,1859,858,0,858,25058,10810,35868,Shoalhaven
11402,0,4329,4329,6131,276,6407,2117,26,2143,2226,13,2239,1079,3,1082,505,0,505,12058,4647,16705,Southern Highlands
11501,0,5011,5011,11110,441,11551,7971,87,8058,10847,29,10876,4492,26,4518,1828,23,1851,36248,5617,41865,Baulkham Hills
11502,0,1247,1247,2307,106,2413,1286,14,1300,1649,0,1649,895,0,895,532,3,535,6669,1370,8039,Dural - Wisemans Ferry
11503,0,1163,1163,2332,109,2441,1245,4,1249,1450,7,1457,801,3,804,432,0,432,6260,1286,7546,Hawkesbury
11504,0,890,890,1896,102,1998,1376,18,1394,2154,3,2157,1103,3,1106,481,0,481,7010,1016,8026,Rouse Hill - McGraths Hill
11601,0,7760,7760,10701,789,11490,7950,149,8099,7990,60,8050,3606,19,3625,2312,6,2318,32559,8783,41342,Blacktown
11602,0,2715,2715,5187,314,5501,4429,80,4509,5828,30,5858,2536,16,2552,1352,18,1370,19332,3173,22505,Blacktown - North
11603,0,4781,4781,6882,550,7432,5757,48,5805,6077,23,6100,3529,7,3536,2963,3,2966,25208,5412,30620,Mount Druitt
11701,0,3465,3465,3699,485,4184,2506,132,2638,2413,44,2457,927,13,940,430,5,435,9975,4144,14119,Botany
11801,0,14976,14976,14162,3237,17399,5836,996,6832,5246,269,5515,2059,60,2119,581,22,603,27884,19560,47444,Eastern Suburbs - North
11802,0,12994,12994,13104,2942,16046,6959,1106,8065,6602,427,7029,2374,145,2519,844,66,910,29883,17680,47563,Eastern Suburbs - South
11901,0,10175,10175,12328,780,13108,8548,151,8699,9324,47,9371,5185,23,5208,3751,12,3763,39136,11188,50324,Bankstown
11902,0,7785,7785,10006,938,10944,7686,220,7906,7353,117,7470,3705,51,3756,2576,23,2599,31326,9134,40460,Canterbury
11903,0,8932,8932,10782,928,11710,7390,292,7682,7428,141,7569,3154,44,3198,1599,22,1621,30353,10359,40712,Hurstville
11904,0,10062,10062,12082,1279,13361,7766,315,8081,6909,159,7068,2956,63,3019,1728,37,1765,31441,11915,43356,Kogarah - Rockdale
12001,0,6374,6374,8521,962,9483,4706,311,5017,4426,90,4516,1565,19,1584,527,4,531,19745,7760,27505,Canada Bay
12002,0,6290,6290,6696,1124,7820,3215,385,3600,2594,99,2693,696,23,719,190,4,194,13391,7925,21316,Leichhardt
12003,0,11510,11510,12902,1935,14837,8372,704,9076,7827,342,8169,3041,144,3185,1497,63,1560,33639,14698,48337,Strathfield - Burwood - Ashfield
12101,0,8992,8992,10862,1377,12239,6012,361,6373,6339,105,6444,2457,45,2502,694,13,707,26364,10893,37257,Chatswood - Lane Cove
12102,0,5285,5285,7671,526,8197,4941,77,5018,5379,34,5413,2111,12,2123,732,7,739,20834,5941,26775,Hornsby
12103,0,5826,5826,10433,359,10792,5923,93,6016,8236,26,8262,3718,11,3729,1239,5,1244,29549,6320,35869,Ku-ring-gai
12104,0,13831,13831,12787,1849,14636,4453,498,4951,3470,91,3561,1196,7,1203,286,4,290,22192,16280,38472,North Sydney - Mosman
12201,0,3831,3831,4800,638,5438,2089,224,2313,2382,43,2425,924,12,936,186,3,189,10381,4751,15132,Manly
12202,0,3874,3874,6231,367,6598,3081,83,3164,3891,19,3910,1658,6,1664,561,3,564,15422,4352,19774,Pittwater
12203,0,11574,11574,14697,1417,16114,7828,269,8097,9471,92,9563,3813,31,3844,1433,11,1444,37242,13394,50636,Warringah
12301,0,2309,2309,4556,236,4792,2876,46,2922,4034,7,4041,1692,3,1695,807,0,807,13965,2601,16566,Camden
12302,0,8903,8903,12543,916,13459,8892,108,9000,8890,27,8917,4256,9,4265,3013,0,3013,37594,9963,47557,Campbelltown (NSW)
12303,0,1977,1977,3544,175,3719,1949,20,1969,2296,7,2303,1212,4,1216,657,0,657,9658,2183,11841,Wollondilly
12401,0,7161,7161,8893,678,9571,4255,88,4343,4233,20,4253,1810,5,1815,810,4,814,20001,7956,27957,Blue Mountains
12402,0,0,0,0,0,0,0,0,0,0,0,0,0,0,0,0,0,0,0,0,0,Blue Mountains - South
12403,0,8430,8430,11915,895,12810,7400,125,7525,7904,24,7928,3694,7,3701,1937,0,1937,32850,9481,42331,Penrith
12404,0,2839,2839,3298,281,3579,2074,52,2126,1951,7,1958,976,0,976,579,0,579,8878,3179,12057,Richmond - Windsor
12405,0,3007,3007,4400,364,4764,3200,46,3246,3281,9,3290,1630,3,1633,986,0,986,13497,3429,16926,St Marys
12501,0,3791,3791,5066,661,5727,4164,250,4414,4246,122,4368,2119,60,2179,1759,43,1802,17354,4927,22281,Auburn
12502,0,3951,3951,5392,360,5752,3637,87,3724,4145,44,4189,1674,15,1689,798,4,802,15646,4461,20107,Carlingford
12503,0,8832,8832,10439,810,11249,7238,168,7406,7313,77,7390,4194,23,4217,3702,14,3716,32886,9924,42810,Merrylands - Guildford
12504,0,10206,10206,12046,1316,13362,8140,411,8551,7155,159,7314,2784,49,2833,1429,20,1449,31554,12161,43715,Parramatta
12601,0,2620,2620,4017,225,4242,2601,89,2690,3220,48,3268,1325,13,1338,466,10,476,11629,3005,14634,Pennant Hills - Epping
12602,0,10921,10921,11952,1319,13271,7104,446,7550,7307,242,7549,2852,103,2955,1111,63,1174,30326,13094,43420,Ryde - Hunters Hill
12701,0,2930,2930,4562,258,4820,4041,27,4068,5194,9,5203,3124,3,3127,2333,4,2337,19254,3231,22485,Bringelly - Green Valley
12702,0,7795,7795,11541,808,12349,9859,155,10014,10643,54,10697,6344,18,6362,4878,12,4890,43265,8842,52107,Fairfield
12703,0,5909,5909,7709,592,8301,5964,76,6040,6916,27,6943,3278,7,3285,1996,4,2000,25863,6615,32478,Liverpool
12801,0,10067,10067,12316,1064,13380,5765,141,5906,6337,26,6363,2795,4,2799,939,4,943,28152,11306,39458,Cronulla - Miranda - Caringbah
12802,0,6223,6223,10160,534,10694,6249,68,6317,7860,16,7876,3434,4,3438,1152,0,1152,28855,6845,35700,Sutherland - Menai - Heathcote
19797,0,0,0,0,0,0,0,0,0,0,0,0,0,0,0,0,0,0,0,0,0,Migratory - Offshore - Shipping (NSW)
19999,0,0,0,0,0,0,0,0,0,0,0,0,0,0,0,0,0,0,0,0,0,Special Purpose Codes SA3 (NSW)
20101,0,10234,10234,11222,1242,12464,5030,382,5412,4831,143,4974,2274,31,2305,873,14,887,24230,12046,36276,Ballarat
10101,0,6804,6804,8729,479,9208,3434,35,3469,3335,12,3347,1648,4,1652,770,0,770,17916,7334,25250,Goulburn - Yass
10102,0,4890,4890,5795,432,6227,3001,63,3064,3222,10,3232,1383,6,1389,557,0,557,13958,5401,19359,Queanbeyan
10103,0,2085,2085,2394,162,2556,846,38,884,904,10,914,364,7,371,144,0,144,4652,2302,6954,Snowy Mountains
10104,0,7637,7637,10867,605,11472,3347,61,3408,2681,9,2690,1261,3,1264,608,0,608,18764,8315,27079,South Coast
10201,0,16724,16724,19420,1470,20890,8806,193,8999,9304,36,9340,3881,9,3890,1642,7,1649,43053,18439,61492,Gosford
10202,0,14634,14634,17756,1359,19115,8255,119,8374,7974,38,8012,3703,7,3710,1862,4,1866,39550,16161,55711,Wyong
10301,0,4055,4055,5021,420,5441,2182,104,2286,2152,44,2196,1045,12,1057,493,5,498,10893,4640,15533,Bathurst
10302,0,6235,6235,7370,394,7764,2625,46,2671,2287,9,2296,1413,3,1416,724,0,724,14419,6687,21106,Lachlan Valley
10303,0,4809,4809,5741,373,6114,2192,22,2214,2067,6,2073,1033,0,1033,436,3,439,11469,5213,16682,Lithgow - Mudgee
10304,0,5255,5255,6312,421,6733,2749,73,2822,2736,31,2767,1482,6,1488,711,4,715,13990,5790,19780,Orange
10401,0,5271,5271,7080,456,7536,2485,44,2529,2155,16,2171,1003,0,1003,571,0,571,13294,5787,19081,Clarence Valley
10402,0,8370,8370,10899,905,11804,4282,129,4411,3988,34,4022,1796,9,1805,849,0,849,21814,9447,31261,Coffs Harbour
10501,0,3008,3008,2885,222,3107,1141,18,1159,1036,7,1043,615,3,618,404,0,404,6081,3258,9339,Bourke - Cobar - Coonamble
10502,0,2843,2843,2823,159,2982,1104,7,1111,871,5,876,397,0,397,218,0,218,5413,3014,8427,Broken Hill and Far West
20102,0,2770,2770,3700,250,3950,1352,8,1360,1312,3,1315,616,0,616,281,3,284,7261,3034,10295,Creswick - Daylesford - Ballan
11703,0,29775,29775,22546,6689,29235,6876,2355,9231,4022,1218,5240,1007,323,1330,375,163,538,34826,40523,75349,Sydney Inner City
20103,0,3056,3056,3447,244,3691,1162,9,1171,1039,4,1043,525,0,525,236,0,236,6409,3313,9722,Maryborough - Pyrenees
20201,0,9098,9098,10393,1079,11472,4704,313,5017,4335,90,4425,1988,23,2011,821,11,832,22241,10614,32855,Bendigo
20202,0,4530,4530,5808,391,6199,2227,37,2264,2143,7,2150,1013,0,1013,437,0,437,11628,4965,16593,Heathcote - Castlemaine - Kyneton
20203,0,1285,1285,1600,98,1698,539,9,548,464,0,464,261,0,261,143,0,143,3007,1392,4399,Loddon - Elmore
20301,0,946,946,1957,75,2032,817,9,826,1055,0,1055,513,0,513,230,0,230,4572,1030,5602,Barwon - West
20302,0,18604,18604,20825,1759,22584,9770,448,10218,9371,145,9516,3925,59,3984,1477,44,1521,45368,21059,66427,Geelong
20303,0,5462,5462,8002,445,8447,2975,76,3051,3483,23,3506,1441,4,1445,478,0,478,16379,6010,22389,Surf Coast - Bellarine Peninsula
20401,0,5285,5285,6785,422,7207,2434,29,2463,2366,6,2372,1056,8,1064,455,4,459,13096,5754,18850,Upper Goulburn Valley
20402,0,5240,5240,6176,359,6535,2315,31,2346,2104,11,2115,1015,7,1022,386,0,386,11996,5648,17644,Wangaratta - Benalla
20403,0,6477,6477,8496,595,9091,3372,88,3460,3350,19,3369,1533,4,1537,572,4,576,17323,7187,24510,Wodonga - Alpine
20501,0,3989,3989,5599,307,5906,2123,36,2159,2283,7,2290,1162,3,1165,507,3,510,11674,4345,16019,Baw Baw
20502,0,4886,4886,6592,375,6967,2018,38,2056,1795,7,1802,836,3,839,357,0,357,11598,5309,16907,Gippsland - East
20503,0,6579,6579,8202,539,8741,2699,57,2756,2600,8,2608,1208,0,1208,486,3,489,15195,7186,22381,Gippsland - South West
20504,0,8086,8086,9135,673,9808,4003,80,4083,3636,23,3659,1541,3,1544,698,7,705,19013,8872,27885,Latrobe Valley
20505,0,4399,4399,5482,311,5793,2066,34,2100,1948,6,1954,982,4,986,381,5,386,10859,4759,15618,Wellington
20601,0,8587,8587,8601,1894,10495,4391,1029,5420,3920,448,4368,1349,108,1457,587,31,618,18848,12097,30945,Brunswick - Coburg
20602,0,5782,5782,5383,1011,6394,2675,510,3185,2685,192,2877,887,43,930,273,15,288,11903,7553,19456,Darebin - South
20603,0,7081,7081,6442,1071,7513,3289,330,3619,3434,125,3559,1392,32,1424,427,5,432,14984,8644,23628,Essendon
20604,0,15186,15186,11941,4281,16222,3609,1614,5223,1817,561,2378,522,142,664,246,52,298,18135,21836,39971,Melbourne City
20605,0,16596,16596,13068,3326,16394,4166,848,5014,2842,187,3029,756,31,787,243,8,251,21075,20996,42071,Port Phillip
20901,0,10441,10441,13245,1095,14340,7064,317,7381,7573,115,7688,2793,50,2843,982,22,1004,31657,12040,43697,Banyule
20902,0,8590,8590,9146,1152,10298,4977,454,5431,4678,211,4889,1908,92,2000,903,58,961,21612,10557,32169,Darebin - North
20903,0,2881,2881,5701,249,5950,3555,29,3584,5174,3,5177,2232,5,2237,721,0,721,17383,3167,20550,Nillumbik - Kinglake
20904,0,8157,8157,15031,852,15883,10198,225,10423,11777,91,11868,5032,38,5070,2542,19,2561,44580,9382,53962,Whittlesea - Wallan
21001,0,4079,4079,6438,336,6774,3452,80,3532,3568,14,3582,1442,8,1450,468,4,472,15368,4521,19889,Keilor
21002,0,1515,1515,2864,121,2985,1444,10,1454,1800,0,1800,859,4,863,324,0,324,7291,1650,8941,Macedon Ranges
21003,0,6443,6443,7357,665,8022,3670,185,3855,3612,86,3698,1557,55,1612,962,23,985,17158,7457,24615,Moreland - North
21004,0,2440,2440,3755,246,4001,2232,37,2269,2516,6,2522,1061,0,1061,419,0,419,9983,2729,12712,Sunbury
21005,0,6255,6255,9560,595,10155,7532,127,7659,8509,30,8539,4476,17,4493,3142,8,3150,33219,7032,40251,Tullamarine - Broadmeadows
21101,0,10026,10026,15058,1045,16103,9348,193,9541,10461,38,10499,4278,8,4286,1610,3,1613,40755,11313,52068,Knox
21102,0,1170,1170,2386,85,2471,1351,16,1367,1894,0,1894,942,3,945,329,3,332,6902,1277,8179,Manningham - East
21103,0,9468,9468,11509,889,12398,6084,147,6231,6413,32,6445,2714,12,2726,972,5,977,27692,10553,38245,Maroondah
21104,0,4926,4926,6476,442,6918,3403,101,3504,3762,38,3800,1410,24,1434,486,7,493,15537,5538,21075,Whitehorse - East
21105,0,10258,10258,15634,970,16604,8348,138,8486,9282,30,9312,4120,8,4128,1624,8,1632,39008,11412,50420,Yarra Ranges
21201,0,4637,4637,7609,535,8144,4182,72,4254,4756,18,4774,2278,0,2278,1001,3,1004,19826,5265,25091,Cardinia
21202,0,6554,6554,10663,680,11343,7308,118,7426,8865,32,8897,3748,16,3764,2047,13,2060,32631,7413,40044,Casey - North
21203,0,6096,6099,10386,764,11150,7686,105,7791,8753,28,8781,3982,10,3992,2614,5,2619,33424,7008,40432,Casey - South
21204,0,12373,12373,15054,1300,16354,10171,403,10574,9430,219,9649,4668,95,4763,3263,68,3331,42586,14458,57044,Dandenong
21205,0,11133,11133,16857,1415,18272,9856,815,10671,10598,553,11151,3729,226,3955,1475,113,1588,42515,14255,56770,Monash
21301,0,9963,9963,14405,1132,15537,10444,308,10752,10762,172,10934,5244,88,5332,3247,47,3294,44102,11710,55812,Brimbank
21302,0,7512,7512,8800,845,9645,4730,166,4896,4886,65,4951,1778,24,1802,776,7,783,20970,8619,29589,Hobsons Bay
21303,0,7211,7211,7252,1273,8525,4224,505,4729,3611,181,3792,1301,84,1385,767,40,807,17155,9294,26449,Maribyrnong
21304,0,6833,6833,10793,746,11539,7520,91,7611,8658,32,8690,3832,13,3845,1821,0,1821,32624,7715,40339,Melton - Bacchus Marsh
21305,0,9217,9217,14786,1299,16085,10629,228,10857,10951,70,11021,4647,24,4671,2496,9,2505,43509,10847,54356,Wyndham
21401,0,12349,12349,14203,1384,15587,7628,222,7850,7353,47,7400,2974,9,2983,1233,3,1236,33391,14014,47405,Frankston
21402,0,14205,14205,18875,1142,20017,7290,105,7395,8001,30,8031,3291,10,3301,1199,3,1202,38656,15495,54151,Mornington Peninsula
21501,0,7256,7256,8382,482,8864,2843,62,2905,2722,7,2729,1280,23,1303,528,14,542,15755,7844,23599,Grampians
21502,0,5490,5490,6215,417,6632,2679,59,2738,2516,13,2529,1264,13,1277,581,5,586,13255,5997,19252,Mildura
21503,0,4279,4279,4932,328,5260,1724,55,1779,1568,17,1585,944,3,947,476,13,489,9644,4695,14339,Murray River - Swan Hill
21601,0,3713,3713,4970,305,5275,1780,34,1814,1709,3,1712,934,3,937,404,3,407,9797,4061,13858,Campaspe
21603,0,5699,5699,6833,539,7372,3152,87,3239,3126,24,3150,1453,9,1462,817,3,820,15381,6361,21742,Shepparton
21701,0,4332,4332,4985,276,5261,1743,57,1800,1798,9,1807,793,0,793,269,0,269,9588,4674,14262,Glenelg - Southern Grampians
21702,0,8868,8868,10650,739,11389,4142,145,4287,4091,34,4125,2203,22,2225,955,5,960,22041,9813,31854,Warrnambool - Otway Ranges
29797,0,0,0,0,0,0,0,0,0,0,0,0,0,0,0,0,0,0,0,0,0,Migratory - Offshore - Shipping (Vic.)
29999,0,0,0,0,0,0,0,0,0,0,0,0,0,0,0,0,0,0,0,0,0,Special Purpose Codes SA3 (Vic.)
30101,0,4323,4323,7509,546,8055,4181,122,4303,4625,29,4654,1954,5,1959,884,0,884,19153,5025,24178,Capalaba
30102,0,5700,5700,9259,542,9801,4230,106,4336,4656,24,4680,2039,4,2043,837,3,840,21021,6379,27400,Cleveland - Stradbroke
30302,0,7929,7929,7335,1653,8988,3467,644,4111,3021,248,3269,1231,86,1317,475,28,503,15529,10588,26117,Holland Park - Yeronga
30303,0,4470,4470,6713,688,7401,3832,362,4194,3809,165,3974,1691,76,1767,880,32,912,16925,5793,22718,Mt Gravatt
30305,0,2344,2344,4740,457,5197,3331,152,3483,3477,66,3543,1576,22,1598,896,6,902,14020,3047,17067,Rocklea - Acacia Ridge
30902,0,5739,5739,6496,950,7446,2812,139,2951,2441,37,2478,972,7,979,353,4,357,13074,6876,19950,Coolangatta
30903,0,7033,7033,8818,1055,9873,3307,211,3518,2592,54,2646,903,7,910,362,3,365,15982,8363,24345,Gold Coast - North
11702,0,5468,5468,5586,1322,6908,2850,447,3297,2269,190,2459,785,46,831,447,14,461,11937,7487,19424,Marrickville - Sydenham - Petersham
21602,0,3019,3019,3926,231,4157,1304,22,1326,1189,7,1196,693,0,693,358,0,358,7470,3279,10749,Moira
20606,0,9222,9222,7618,2074,9692,2296,605,2901,1677,132,1809,585,26,611,164,10,174,12340,12069,24409,Stonnington - West
20607,0,9743,9743,9532,2677,12209,3606,1340,4946,2668,464,3132,778,108,886,292,38,330,16876,14370,31246,Yarra
20701,0,13849,13849,15718,1995,17713,8309,741,9050,10500,282,10782,4510,90,4600,1202,34,1236,40239,16991,57230,Boroondara
20702,0,5582,5582,9748,444,10192,5522,154,5676,5838,51,5889,2298,14,2312,793,4,797,24199,6249,30448,Manningham - West
20703,0,8696,8696,9633,947,10580,5445,423,5868,5949,294,6243,2277,132,2409,754,94,848,24058,10586,34644,Whitehorse - West
20801,0,8010,8010,10112,634,10746,4814,92,4906,6433,24,6457,2548,17,2565,580,7,587,24487,8784,33271,Bayside
30103,0,5196,5196,7239,667,7906,4009,143,4152,4076,29,4105,1547,5,1552,673,0,673,17544,6040,23584,Wynnum - Manly
30201,0,2487,2487,4400,314,4714,2301,98,2399,2470,23,2493,953,7,960,401,3,404,10525,2932,13457,Bald Hills - Everton Park
30202,0,7334,7334,8022,1025,9047,3814,284,4098,3479,82,3561,1410,13,1423,580,4,584,17305,8742,26047,Chermside
30203,0,3843,3843,4026,696,4722,1999,197,2196,1677,43,1720,668,17,685,325,10,335,8695,4806,13501,Nundah
30204,0,5064,5064,6255,594,6849,3179,120,3299,2962,29,2991,1129,7,1136,538,0,538,14063,5814,19877,Sandgate
30306,0,2440,2440,4135,482,4617,2774,265,3039,2731,160,2891,1236,72,1308,815,40,855,11691,3459,15150,Sunnybank
30401,0,1590,1590,3261,195,3456,2082,64,2146,2386,25,2411,860,5,865,307,0,307,8896,1879,10775,Centenary
30402,0,1846,1846,4378,200,4578,2440,67,2507,3314,54,3368,1461,10,1471,454,4,458,12047,2181,14228,Kenmore - Brookfield - Moggill
30403,0,4282,4282,4832,1209,6041,2222,756,2978,2159,302,2461,912,86,998,309,55,364,10434,6690,17124,Sherwood - Indooroopilly
30404,0,3537,3537,5163,451,5614,2853,141,2994,3050,51,3101,1223,11,1234,418,4,422,12707,4195,16902,The Gap - Enoggera
30501,0,9018,9018,7220,2218,9438,2236,805,3041,1361,344,1705,441,104,545,174,33,207,11432,12522,23954,Brisbane Inner
30502,0,3839,3839,4377,870,5247,1959,398,2357,2005,122,2127,720,34,754,233,16,249,9294,5279,14573,Brisbane Inner - East
30503,0,9448,9448,8703,2207,10910,3662,762,4424,3497,255,3752,1428,76,1504,438,11,449,17728,12759,30487,Brisbane Inner - North
30504,0,5105,5105,5671,1479,7150,2608,779,3387,2720,300,3020,1147,79,1226,340,23,363,12486,7765,20251,Brisbane Inner - West
30601,0,3647,3647,5935,621,6556,2816,101,2917,2840,18,2858,1020,0,1020,400,0,400,13011,4387,17398,Cairns - North
30602,0,9675,9675,10132,1436,11568,5068,281,5349,4434,68,4502,1964,19,1983,1263,5,1268,22861,11484,34345,Cairns - South
30603,0,3080,3080,4170,319,4489,1675,38,1713,1458,12,1470,726,3,729,550,0,550,8579,3452,12031,Innisfail - Cassowary Coast
30604,0,1167,1167,1388,202,1590,502,39,541,482,9,491,190,0,190,83,0,83,2645,1417,4062,Port Douglas - Daintree
30605,0,3859,3859,5298,364,5662,1829,37,1866,1696,10,1706,803,4,807,543,0,543,10169,4274,14443,Tablelands (East) - Kuranda
30701,0,3936,3936,5103,399,5502,2027,60,2087,1975,13,1988,1153,4,1157,588,0,588,10846,4412,15258,Darling Downs (West) - Maranoa
30702,0,3252,3252,5058,319,5377,1858,52,1910,1919,14,1933,1009,0,1009,601,3,604,10445,3640,14085,Darling Downs - East
30703,0,3786,3786,5377,298,5675,1883,36,1919,1741,13,1754,893,3,896,528,3,531,10422,4139,14561,Granite Belt
30801,0,1805,1805,2638,287,2925,1422,70,1492,1619,23,1642,851,3,854,475,0,475,7005,2188,9193,Central Highlands (Qld)
30802,0,5054,5054,7967,659,8626,3795,131,3926,4099,27,4126,1920,7,1927,907,0,907,18688,5878,24566,Gladstone - Biloela
30803,0,9371,9371,12826,1019,13845,5730,200,5930,5430,47,5477,2510,13,2523,1383,8,1391,27879,10658,38537,Rockhampton
30901,0,6503,6503,7848,1547,9395,3015,397,3412,2564,85,2649,856,18,874,329,4,333,14612,8554,23166,Broadbeach - Burleigh
20802,0,14531,14531,14451,1816,16267,7800,705,8505,8680,244,8924,3132,81,3213,1035,27,1062,35098,17404,52502,Glen Eira
20803,0,11713,11713,12450,1043,13493,6396,137,6533,6941,45,6986,2414,18,2432,730,5,735,28931,12961,41892,Kingston
20804,0,3976,3976,3919,606,4525,2018,268,2286,2420,97,2517,1067,28,1095,278,18,296,9702,4993,14695,Stonnington - East
30301,0,3681,3681,5116,577,5693,2753,207,2960,2982,77,3059,1196,18,1214,453,5,458,12500,4565,17065,Carindale
30904,0,1242,1242,2363,168,2531,935,21,956,880,0,880,415,3,418,213,0,213,4806,1434,6240,Gold Coast Hinterland
30905,0,1308,1308,2998,266,3264,1896,50,1946,2123,10,2133,951,0,951,435,0,435,8403,1634,10037,Mudgeeraba - Tallebudgera
30906,0,3726,3726,6310,654,6964,3933,145,4078,3894,32,3926,1697,7,1704,818,0,818,16652,4564,21216,Nerang
30907,0,4075,4075,9784,850,10634,5587,144,5731,6349,31,6380,2626,6,2632,1294,0,1294,25640,5106,30746,Ormeau - Oxenford
30908,0,3028,3028,5160,712,5872,2923,188,3111,2552,65,2617,893,15,908,378,0,378,11906,4008,15914,Robina
30909,0,5424,5424,6185,1143,7328,3150,393,3543,2551,157,2708,955,52,1007,441,16,457,13282,7185,20467,Southport
30910,0,4625,4625,4869,1005,5874,1619,288,1907,1242,80,1322,453,10,463,152,10,162,8335,6018,14353,Surfers Paradise
31001,0,4201,4201,5500,622,6122,3561,130,3691,3446,35,3481,1659,7,1666,1240,4,1244,15406,4999,20405,Forest Lake - Oxley
31002,0,4172,4172,7080,482,7562,2948,67,3015,2761,21,2782,1464,6,1470,890,4,894,15143,4752,19895,Ipswich Hinterland
31003,0,7564,7564,10017,918,10935,5577,147,5724,5222,44,5266,2344,11,2355,1421,3,1424,24581,8687,33268,Ipswich Inner
31004,0,3370,3370,5865,613,6478,3915,129,4044,4023,40,4063,1885,5,1890,1406,3,1409,17094,4160,21254,Springfield - Redbank
31101,0,1064,1064,1515,105,1620,675,5,680,590,3,593,304,0,304,183,0,183,3267,1177,4444,Beaudesert
31304,0,3161,3161,5899,385,6284,3268,43,3311,3678,12,3690,1737,3,1740,1018,3,1021,15600,3607,19207,Narangba - Burpengary
31305,0,6904,6904,7391,723,8114,3089,76,3165,2676,15,2691,1126,3,1129,511,0,511,14793,7721,22514,Redcliffe
31401,0,3237,3237,7993,379,8372,4693,94,4787,6165,25,6190,2585,0,2585,1009,3,1012,22445,3738,26183,Hills District
31402,0,2999,2999,5592,397,5989,3210,77,3287,3428,20,3448,1359,0,1359,647,0,647,14236,3493,17729,North Lakes
31403,0,2529,2529,3931,351,4282,2207,77,2284,2092,17,2109,922,3,925,471,3,474,9623,2980,12603,Strathpine
31501,0,1926,1926,2169,193,2362,1087,25,1112,1027,7,1034,710,0,710,1043,0,1043,6036,2151,8187,Far North
31502,0,2440,2440,2803,313,3116,1380,73,1453,1362,23,1385,726,3,729,680,3,683,6951,2855,9806,Outback - North
31503,0,2249,2249,2404,144,2548,946,20,966,904,11,915,447,3,450,266,0,266,4967,2427,7394,Outback - South
31601,0,3433,3433,5677,383,6060,2491,123,2614,2770,46,2816,1175,9,1184,438,3,441,12551,3997,16548,Buderim
31602,0,6526,6526,10256,707,10963,3776,135,3911,3737,46,3783,1415,8,1423,553,4,557,19737,7426,27163,Caloundra
31603,0,6055,6055,7459,1088,8547,2730,256,2986,2301,53,2354,794,13,807,282,0,282,13566,7465,21031,Maroochy
30304,0,3172,3172,3808,524,4332,2006,207,2213,1954,124,2078,830,62,892,395,26,421,8993,4115,13108,Nathan
31604,0,4563,4563,7479,545,8024,3180,76,3256,3216,16,3232,1368,3,1371,678,0,678,15921,5203,21124,Nambour - Pomona
31302,0,3838,3838,5912,570,6482,3401,94,3495,3224,30,3254,1559,15,1574,1021,5,1026,15117,4552,19669,Caboolture
31303,0,789,789,1456,89,1545,550,4,554,549,8,557,247,0,247,150,0,150,2952,890,3842,Caboolture Hinterland
31605,0,3539,3539,5424,503,5927,1891,83,1974,1805,21,1826,625,3,628,221,0,221,9966,4149,14115,Noosa
31606,0,3253,3253,6348,421,6769,2435,50,2485,2567,12,2579,1113,0,1113,531,0,531,12994,3736,16730,Sunshine Coast Hinterland
31701,0,12942,12945,16610,1367,17977,7277,340,7617,6916,94,7010,3468,32,3500,1804,12,1816,36078,14787,50865,Toowoomba
31801,0,3959,3959,5450,305,5755,2078,42,2120,2049,4,2053,1035,3,1038,616,0,616,11228,4313,15541,Charters Towers - Ayr - Ingham
31802,0,13404,13404,19053,2319,21372,9936,635,10571,9161,206,9367,4064,50,4114,2154,15,2169,44368,16629,60997,Townsville
31901,0,7852,7852,12192,848,13040,4311,135,4446,3914,42,3956,1753,5,1758,1021,8,1029,23191,8890,32081,Bundaberg
31902,0,4705,4705,6785,496,7281,2225,42,2267,2010,18,2028,1063,6,1069,696,0,696,12779,5267,18046,Burnett
31903,0,4429,4429,6623,415,7038,2226,62,2288,2116,10,2126,965,3,968,576,3,579,12506,4922,17428,Gympie - Cooloola
31904,0,5026,5026,8076,588,8664,2630,74,2704,2466,15,2481,1037,3,1040,574,0,574,14783,5706,20489,Hervey Bay
31905,0,4182,4182,6344,441,6785,2106,33,2139,1818,11,1829,868,0,868,481,0,481,11617,4667,16284,Maryborough
39797,0,0,0,0,0,0,0,0,0,0,0,0,0,0,0,0,0,0,0,0,0,Migratory - Offshore - Shipping (Qld)
39999,0,0,0,0,0,0,0,0,0,0,0,0,0,0,0,0,0,0,0,0,0,Special Purpose Codes SA3 (Qld)
40101,0,3445,3445,2342,804,3146,620,357,977,312,133,445,99,32,131,29,5,34,3402,4776,8178,Adelaide City
40102,0,4856,4856,8281,436,8717,3853,46,3899,4468,10,4478,1805,7,1812,634,0,634,19041,5355,24396,Adelaide Hills
50403,0,6494,6494,10034,743,10777,6088,133,6221,6709,36,6745,2795,11,2806,1494,6,1500,27120,7423,34543,Swan
50501,0,8849,8849,16824,994,17818,9291,297,9588,11144,102,11246,4145,34,4179,1319,9,1328,42723,10285,53008,Joondalup
50502,0,20733,20733,21659,2551,24210,9838,761,10599,9315,213,9528,3528,62,3590,1557,24,1581,45897,24344,70241,Stirling
50503,0,8232,8232,14635,936,15571,8768,186,8954,10334,49,10383,4382,16,4398,2331,8,2339,40450,9427,49877,Wanneroo
50602,0,7809,7809,7750,1304,9054,3607,504,4111,2722,160,2882,1021,44,1065,496,28,524,15596,9849,25445,Belmont - Victoria Park
50603,0,7260,7260,8763,920,9683,4884,436,5320,5220,269,5489,2258,126,2384,1028,80,1108,22153,9091,31244,Canning
50703,0,2215,2215,3027,279,3306,1732,46,1778,1566,8,1574,692,3,695,416,3,419,7433,2554,9987,Kwinana
50704,0,8546,8546,11330,858,12188,5577,316,5893,6359,160,6519,2417,66,2483,789,19,808,26472,9965,36437,Melville
50705,0,7426,7426,11450,830,12280,5792,137,5929,6488,22,6510,2730,7,2737,1275,3,1278,27735,8425,36160,Rockingham
50801,0,1388,1388,1869,92,1961,738,15,753,793,6,799,387,0,387,158,3,161,3945,1504,5449,Esperance
50802,0,944,944,1075,92,1167,409,11,420,404,0,404,185,4,189,120,0,120,2193,1051,3244,Gascoyne
50803,0,2949,2949,3537,399,3936,1904,95,1999,1971,33,2004,981,10,991,616,3,619,9009,3489,12498,Goldfields
50804,0,2149,2149,2501,348,2849,1220,101,1321,1263,31,1294,699,14,713,915,3,918,6598,2646,9244,Kimberley
50805,0,4819,4819,6251,427,6678,2626,66,2692,2616,8,2624,1208,6,1214,670,3,673,13371,5329,18700,Mid West
50806,0,2459,2459,3407,406,3813,1961,114,2075,2396,30,2426,1112,13,1125,727,9,736,9603,3031,12634,Pilbara
50901,0,5456,5456,7414,425,7839,2760,65,2825,2706,8,2714,1205,3,1208,613,3,616,14698,5960,20658,Albany
50902,0,5122,5122,7440,366,7806,2482,41,2523,2402,10,2412,1198,4,1202,642,3,645,14164,5546,19710,Wheat Belt - North
50903,0,2071,2071,2855,134,2989,920,17,937,914,0,914,479,0,479,211,0,211,5379,2222,7601,Wheat Belt - South
31102,0,2820,2820,4128,417,4545,2267,69,2336,1954,18,1972,958,3,961,526,0,526,9833,3327,13160,Beenleigh
31103,0,3341,3341,6338,611,6949,4246,102,4348,4268,25,4293,2181,6,2187,1666,3,1669,18699,4088,22787,Browns Plains
31104,0,1108,1108,3260,182,3442,1997,21,2018,2585,6,2591,1271,0,1271,792,0,792,9905,1317,11222,Jimboomba
31105,0,3222,3222,5484,482,5966,3292,119,3411,3322,22,3344,1520,8,1528,914,4,918,14532,3857,18389,Loganlea - Carbrook
31106,0,5555,5555,7405,828,8233,4412,141,4553,3955,43,3998,1863,12,1875,1520,4,1524,19155,6583,25738,Springwood - Kingston
31201,0,2477,2477,3444,329,3773,1617,72,1689,1882,23,1905,901,8,909,434,4,438,8278,2913,11191,Bowen Basin - North
31202,0,7755,7755,12516,1025,13541,6092,253,6345,6438,78,6516,2976,18,2994,1408,3,1411,29430,9132,38562,Mackay
31203,0,1481,1481,2295,270,2565,935,53,988,816,18,834,318,7,325,117,0,117,4481,1829,6310,Whitsunday
31301,0,3455,3455,5384,354,5738,1424,23,1447,1175,4,1179,538,0,538,270,0,270,8791,3836,12627,Bribie - Beachmere
40107,0,4623,4623,4267,614,4881,1892,200,2092,2087,59,2146,690,12,702,185,7,192,9121,5515,14636,Unley
40201,0,2797,2797,3840,238,4078,1908,26,1934,1974,4,1978,716,0,716,305,3,308,8743,3068,11811,Gawler - Two Wells
40202,0,7461,7461,8892,794,9686,4820,87,4907,4126,30,4156,1963,7,1970,1176,0,1176,20977,8379,29356,Playford
40203,0,7190,7190,7016,830,7846,3558,233,3791,3004,108,3112,1132,39,1171,654,27,681,15364,8427,23791,Port Adelaide - East
40204,0,11242,11242,14392,1135,15527,7891,188,8079,7186,40,7226,3011,22,3033,1595,7,1602,34075,12634,46709,Salisbury
40205,0,7539,7539,12006,618,12624,5626,105,5731,6015,28,6043,1995,4,1999,632,4,636,26274,8298,34572,Tea Tree Gully
40302,0,10331,10331,10884,1064,11948,5105,304,5409,4562,83,4645,1533,24,1557,541,12,553,22625,11818,34443,Marion
40303,0,5831,5831,7470,541,8011,3478,169,3647,3953,57,4010,1367,21,1388,425,4,429,16693,6623,23316,Mitcham
40304,0,14379,14379,20602,1365,21967,9803,195,9998,9751,36,9787,3483,9,3492,1342,3,1345,44981,15987,60968,Onkaparinga
40401,0,12458,12458,12808,1231,14039,5844,289,6133,5757,119,5876,1915,24,1939,767,21,788,27091,14142,41233,Charles Sturt
40402,0,7312,7312,6551,678,7229,3339,125,3464,2920,50,2970,1088,19,1107,519,10,529,14417,8194,22611,Port Adelaide - West
40403,0,8082,8082,7204,1029,8233,3188,351,3539,2918,144,3062,940,38,978,357,16,373,14607,9660,24267,West Torrens
40501,0,2994,2994,4564,222,4786,1738,22,1760,1927,6,1933,820,0,820,293,0,293,9342,3244,12586,Barossa
40502,0,2555,2555,3211,181,3392,1017,12,1029,990,3,993,503,0,503,221,0,221,5942,2751,8693,Lower North
40503,0,3541,3541,3986,199,4185,1297,22,1319,1211,5,1216,583,0,583,276,0,276,7353,3767,11120,Mid North
40504,0,3053,3053,4131,175,4306,1012,17,1029,973,5,978,445,3,448,167,0,167,6728,3253,9981,Yorke Peninsula
40601,0,6635,6635,7455,486,7941,2866,68,2934,2668,19,2687,1238,3,1241,504,0,504,14731,7211,21942,Eyre Peninsula and South West
40602,0,2823,2823,2884,217,3101,1261,43,1304,1229,11,1240,541,0,541,386,5,391,6301,3099,9400,Outback - North and East
40701,0,5322,5322,8072,355,8427,2006,39,2045,1956,5,1961,833,0,833,306,0,306,13173,5721,18894,Fleurieu - Kangaroo Island
40702,0,6881,6881,8690,512,9202,3189,67,3256,3242,19,3261,1492,0,1492,494,7,501,17107,7486,24593,Limestone Coast
40703,0,7712,7712,9470,533,10003,3383,62,3445,3095,14,3109,1510,16,1526,602,10,612,18060,8347,26407,Murray and Mallee
49797,0,0,0,0,0,0,0,0,0,0,0,0,0,0,0,0,0,0,0,0,0,Migratory - Offshore - Shipping (SA)
49999,0,0,0,0,0,0,0,0,0,0,0,0,0,0,0,0,0,0,0,0,0,Special Purpose Codes SA3 (SA)
50101,0,3495,3495,5431,357,5788,2184,92,2276,2349,24,2373,941,3,944,311,0,311,11216,3971,15187,Augusta - Margaret River - Busselton
50102,0,7757,7757,11519,774,12293,5178,153,5331,5294,44,5338,2190,12,2202,914,3,917,25095,8743,33838,Bunbury
50103,0,2141,2141,3231,134,3365,1023,16,1039,1041,3,1044,498,0,498,220,0,220,6013,2294,8307,Manjimup
50201,0,7717,7717,11911,743,12654,4179,85,4264,4225,19,4244,1703,4,1707,753,0,753,22771,8568,31339,Mandurah
50301,0,5807,5807,6696,684,7380,3003,289,3292,3958,125,4083,1827,33,1860,507,11,518,15991,6949,22940,Cottesloe - Claremont
50302,0,13543,13543,11487,2207,13694,4353,804,5157,3791,278,4069,1223,62,1285,314,39,353,21168,16933,38101,Perth City
50401,0,8620,8620,9529,1190,10719,4443,291,4734,3905,99,4004,1499,24,1523,621,13,634,19997,10237,30234,Bayswater - Bassendean
50402,0,2740,2740,4809,217,5026,2227,42,2269,2307,17,2324,1061,3,1064,461,3,464,10865,3022,13887,Mundaring
40103,0,4885,4885,5292,368,5660,2140,89,2229,2507,45,2552,981,14,995,261,15,276,11181,5416,16597,Burnside
40104,0,4974,4974,5929,371,6300,2911,106,3017,3060,43,3103,1050,26,1076,347,3,350,13297,5523,18820,Campbelltown (SA)
40105,0,5440,5440,4420,663,5083,1750,219,1969,1701,75,1776,551,30,581,146,7,153,8568,6434,15002,Norwood - Payneham - St Peters
40106,0,3131,3131,3015,374,3389,1420,140,1560,1647,70,1717,571,18,589,160,12,172,6813,3745,10558,Prospect - Walkerville
59797,0,0,0,0,0,0,0,0,0,0,0,0,0,0,0,0,0,0,0,0,0,Migratory - Offshore - Shipping (WA)
59999,0,0,0,0,0,0,0,0,0,0,0,0,0,0,0,0,0,0,0,0,0,Special Purpose Codes SA3 (WA)
60101,0,1073,1073,1797,107,1904,1012,14,1026,913,0,913,428,0,428,193,0,193,4343,1194,5537,Brighton
60102,0,5015,5015,6549,349,6898,2998,57,3055,2711,13,2724,966,0,966,403,0,403,13627,5434,19061,Hobart - North East
60103,0,6703,6703,6396,537,6933,3092,60,3152,2500,32,2532,984,8,992,521,3,524,13493,7343,20836,Hobart - North West
60104,0,2580,2580,3962,208,4170,1807,35,1842,1900,13,1913,722,0,722,309,0,309,8700,2836,11536,Hobart - South and West
60105,0,6375,6375,5883,907,6790,2435,404,2839,2335,185,2520,759,63,822,270,38,308,11682,7972,19654,Hobart Inner
60106,0,1465,1465,2017,113,2130,924,8,932,744,0,744,321,0,321,135,0,135,4141,1586,5727,Sorell - Dodges Ferry
60201,0,9285,9285,9725,955,10680,4321,272,4593,4104,95,4199,1604,15,1619,655,12,667,20409,10634,31043,Launceston
60202,0,2170,2170,3275,140,3415,1179,13,1192,1094,3,1097,488,0,488,206,0,206,6242,2326,8568,Meander Valley - West Tamar
50702,0,4355,4355,4279,565,4844,1808,187,1995,1614,56,1670,605,17,622,180,6,186,8486,5186,13672,Fremantle
60203,0,3941,3941,5452,254,5706,1861,14,1875,1756,8,1764,760,0,760,345,0,345,10174,4217,14391,North East
60301,0,1063,1063,1530,68,1598,626,4,630,583,0,583,247,0,247,142,0,142,3128,1135,4263,Central Highlands (Tas.)
60302,0,1703,1703,2658,144,2802,931,14,945,857,3,860,402,0,402,196,0,196,5044,1864,6908,Huon - Bruny Island
60303,0,816,816,1149,62,1211,261,5,266,231,0,231,97,0,97,41,0,41,1779,883,2662,South East Coast
60401,0,5394,5394,6714,351,7065,2592,45,2637,2387,13,2400,987,5,992,425,0,425,13105,5808,18913,Burnie - Ulverstone
60402,0,4482,4482,6074,344,6418,2310,54,2364,2243,8,2251,866,0,866,400,0,400,11893,4888,16781,Devonport
60403,0,1975,1975,2419,122,2541,915,22,937,866,3,869,427,0,427,197,0,197,4824,2122,6946,West Coast
69797,0,0,0,0,0,0,0,0,0,0,0,0,0,0,0,0,0,0,0,0,0,Migratory - Offshore - Shipping (Tas.)
69999,0,0,0,0,0,0,0,0,0,0,0,0,0,0,0,0,0,0,0,0,0,Special Purpose Codes SA3 (Tas.)
70101,0,2282,2282,2506,612,3118,1075,239,1314,859,66,925,307,17,324,160,10,170,4907,3226,8133,Darwin City
70102,0,3394,3394,4558,700,5258,2791,200,2991,2616,63,2679,1206,22,1228,763,3,766,11934,4382,16316,Darwin Suburbs
70103,0,1037,1037,1659,153,1812,936,19,955,955,9,964,424,0,424,292,0,292,4266,1218,5484,Litchfield
79999,0,0,0,0,0,0,0,0,0,0,0,0,0,0,0,0,0,0,0,0,0,Special Purpose Codes SA3 (NT)
70104,0,1540,1540,2370,330,2700,1602,82,1684,1677,26,1703,755,11,766,399,5,404,6803,1994,8797,Palmerston
40301,0,5175,5175,4576,499,5075,1620,102,1722,1480,25,1505,553,9,562,117,5,122,8346,5815,14161,Holdfast Bay
50601,0,4642,4642,7114,536,7650,3713,85,3798,3426,24,3450,1517,9,1526,898,3,901,16668,5299,21967,Armadale
50604,0,7217,7217,10586,930,11516,6258,215,6473,6364,70,6434,2753,25,2778,1660,23,1683,27621,8480,36101,Gosnells
50605,0,3578,3578,6499,381,6880,3097,73,3170,3209,27,3236,1388,9,1397,608,3,611,14801,4071,18872,Kalamunda
50606,0,721,721,1874,88,1962,984,17,1001,1137,3,1140,521,0,521,318,0,318,4834,829,5663,Serpentine - Jarrahdale
50607,0,5160,5160,5148,756,5904,2021,263,2284,1927,74,2001,681,10,691,202,14,216,9979,6277,16256,South Perth
50701,0,6349,6349,9557,787,10344,5346,213,5559,5665,67,5732,2205,26,2231,888,10,898,23661,7452,31113,Cockburn
70202,0,331,334,336,43,379,142,10,152,133,3,136,101,0,101,257,4,261,972,391,1363,Barkly
70203,0,787,787,712,80,792,385,7,392,344,3,347,252,0,252,808,0,808,2501,877,3378,Daly - Tiwi - West Arnhem
70204,0,403,403,509,48,557,329,3,332,394,0,394,239,4,243,707,3,710,2178,461,2639,East Arnhem
70205,0,950,950,1117,117,1234,520,26,546,565,14,579,361,0,361,699,5,704,3262,1112,4374,Katherine
70201,0,2593,2593,2615,410,3025,1503,126,1629,1417,38,1455,760,13,773,931,3,934,7226,3183,10409,Alice Springs
79797,0,0,0,0,0,0,0,0,0,0,0,0,0,0,0,0,0,0,0,0,0,Migratory - Offshore - Shipping (NT)
80101,0,7405,7405,10425,1126,11551,5424,505,5929,5285,171,5456,2053,48,2101,892,23,915,24079,9278,33357,Belconnen
80102,0,40,40,55,4,59,27,4,31,30,0,30,19,0,19,4,0,4,135,48,183,Cotter - Namadgi
80103,0,285,285,138,15,153,54,3,57,27,0,27,15,0,15,7,0,7,241,303,544,Fyshwick - Pialligo - Hume
80104,0,2569,2569,4387,462,4849,3040,176,3216,3383,86,3469,1324,17,1341,531,14,545,12665,3324,15989,Gungahlin
80105,0,5671,5671,5315,1147,6462,2066,639,2705,1796,207,2003,637,49,686,194,17,211,10008,7730,17738,North Canberra
80106,0,2963,2963,3085,490,3575,1215,181,1396,1116,51,1167,465,3,468,123,0,123,6004,3688,9692,South Canberra
80107,0,5531,5531,8986,650,9636,5746,160,5906,5940,45,5985,2314,6,2320,957,0,957,23943,6392,30335,Tuggeranong
80108,0,2089,2089,2806,199,3005,1355,53,1408,1413,18,1431,496,9,505,185,0,185,6255,2368,8623,Weston Creek
80109,0,3694,3694,4062,413,4475,1781,151,1932,1846,44,1890,705,8,713,255,5,260,8649,4315,12964,Woden
89797,0,0,0,0,0,0,0,0,0,0,0,0,0,0,0,0,0,0,0,0,0,Migratory - Offshore - Shipping (ACT)
89999,0,0,0,0,0,0,0,0,0,0,0,0,0,0,0,0,0,0,0,0,0,Special Purpose Codes SA3 (ACT)
90101,0,112,112,139,12,151,95,3,98,59,0,59,31,0,31,14,0,14,338,127,465,Christmas Island
90102,0,9,9,35,0,35,31,0,31,24,0,24,18,0,18,25,0,25,133,9,142,Cocos (Keeling) Islands
90103,0,16,16,25,0,25,13,0,13,9,3,12,14,0,14,8,0,8,69,19,88,Jervis Bay
99797,0,0,0,0,0,0,0,0,0,0,0,0,0,0,0,0,0,0,0,0,0,Migratory - Offshore - Shipping (OT)
99999,0,0,0,0,0,0,0,0,0,0,0,0,0,0,0,0,0,0,0,0,0,Special Purpose Codes SA3 (OT)
